3345
524
597
548
529
487
400
373
317
309
296
253
238
228
204
227
220
241
245
586
7108
15011
7341
3514
817
426
302
250
162
124
91
61
55
48
42
41
29
45
33
29
21
29
24
26
29
28
22
23
20
26
16
16
21
17
17
19
23
19
16
18
19
13
15
17
15
18
13
20
16
14
13
18
9
14
27
18
10
9
12
15
11
13
10
10
15
6
17
11
10
12
11
17
11
13
18
11
13
12
11
17
14
6
13
6
15
8
9
8
16
10
15
10
15
10
17
5
5
7
12
6
7
9
15
11
11
4
7
13
4
10
3
4
8
5
7
4
8
8
4
8
6
12
5
8
6
9
4
10
13
8
10
5
10
12
8
8
11
13
11
6
12
12
6
14
19
15
21
19
12
29
19
32
42
37
42
56
52
52
57
65
54
63
45
58
47
44
35
30
36
32
27
22
16
15
22
22
17
21
14
18
20
22
14
20
12
9
9
8
6
9
7
4
4
3
2
3
3
1
2
1
3
2
1
3
1
3
1
1
0
1
0
0
1
0
0
0
0
0
0
0
0
1
0
0
0
0
0
0
0
0
0
0
0
0
0
0
866
304
272
268
230
189
160
121
94
98
74
78
71
71
69
85
85
144
678
8261
16817
6569
1694
845
378
240
124
94
76
69
48
36
48
46
48
40
48
35
39
50
41
41
32
42
51
48
48
41
46
39
44
45
42
45
44
26
39
37
39
47
25
38
23
32
36
35
43
39
40
36
34
38
35
43
58
37
41
41
40
40
35
42
43
34
35
44
39
35
42
56
65
54
53
53
50
79
67
64
68
64
71
66
68
78
69
73
83
86
76
72
90
83
86
84
104
103
87
101
98
113
122
107
96
96
98
95
120
106
105
112
93
112
100
91
81
84
111
81
105
94
103
90
96
84
68
65
61
57
47
50
35
35
36
36
35
30
35
18
33
29
27
28
17
19
21
16
18
15
24
20
25
24
25
19
28
26
23
32
38
42
40
48
60
55
66
60
63
84
71
69
73
71
66
39
31
41
30
33
23
26
15
27
20
15
26
20
10
10
5
5
4
2
3
1
3
2
3
4
1
1
3
0
1
0
2
0
1
0
0
0
0
1
0
0
0
1
0
0
0
0
0
0
0
0
0
0
0
0
0
0
0
0
0
0
0
0
1
1
1
0
4
4
4
8
9
14
18
30
46
106
636
8016
16460
6150
1512
797
704
428
247
198
133
88
59
45
47
29
21
23
8
19
19
16
19
18
10
16
16
17
8
10
19
21
18
13
16
14
20
11
13
14
18
23
15
20
39
23
31
19
28
24
31
25
35
24
33
22
28
36
19
37
26
36
30
30
32
33
32
34
36
25
38
22
37
31
43
31
33
39
42
35
46
29
37
22
34
49
35
32
44
37
43
39
36
29
38
42
36
40
41
49
39
45
38
31
44
42
42
50
39
46
59
39
47
51
51
55
47
41
58
32
50
47
47
45
47
41
39
51
50
51
56
50
51
52
68
48
61
62
64
63
54
50
39
65
54
54
56
60
47
56
68
56
74
65
67
76
72
78
79
90
78
80
82
78
96
98
110
86
79
100
98
106
121
143
121
120
129
122
140
142
153
168
186
186
181
205
199
197
239
218
218
190
196
181
195
168
156
131
150
150
106
100
95
77
103
66
67
58
53
40
49
52
39
41
36
37
40
30
34
26
22
22
36
19
25
14
18
18
5
19
23
10
19
11
10
9
10
5
7
5
4
58
9539
1765
1861
1854
1718
1593
1360
1264
1073
1020
839
657
592
606
502
437
402
395
387
394
620
1528
5588
3658
738
453
282
222
191
166
147
122
124
104
114
104
93
101
89
73
69
72
64
57
78
64
62
62
49
48
70
56
51
37
45
47
46
43
36
30
41
31
28
37
40
39
31
26
33
38
29
35
28
24
39
22
27
16
28
30
29
8
17
21
19
10
15
22
18
17
14
19
10
16
16
17
12
16
11
14
15
9
12
20
16
8
17
10
15
20
16
17
14
17
23
14
14
15
14
18
19
8
16
16
13
12
14
14
14
13
17
18
15
12
20
9
13
23
15
20
23
22
15
16
13
23
17
21
22
18
20
10
19
20
20
31
28
23
30
26
23
35
24
16
21
24
34
27
40
42
45
33
46
43
45
40
45
39
43
50
34
41
31
45
22
33
36
27
29
26
24
27
15
21
35
35
24
46
31
34
43
25
29
35
33
37
39
23
26
31
30
24
29
33
34
39
21
32
47
32
35
33
38
33
31
37
35
37
31
29
30
39
33
30
39
20
26
31
18
22
32
28
24
15
13
17
9
19
4
5
12
8
8
3
2
15
2228
850
764
723
526
394
282
221
208
167
133
132
106
124
122
112
128
121
157
176
1283
5747
3943
935
371
218
160
146
124
92
98
80
65
85
87
76
82
81
68
103
87
73
90
74
76
79
95
83
80
87
87
71
85
85
71
69
78
69
89
72
90
85
83
68
72
71
77
74
74
104
78
92
113
107
87
90
96
89
94
117
125
99
119
99
126
117
114
111
137
108
142
121
149
144
137
147
143
156
150
149
162
150
184
200
202
185
188
202
216
229
233
255
240
252
274
338
314
314
350
384
354
426
405
443
431
444
412
395
379
405
387
388
363
370
360
306
335
346
354
317
326
323
319
322
300
284
283
250
248
253
233
242
196
185
198
176
170
143
144
124
137
110
121
114
95
90
92
89
70
78
74
78
64
76
67
50
53
55
69
72
69
55
66
57
72
62
56
53
48
29
42
57
42
34
56
60
43
37
44
45
45
42
38
39
44
25
48
45
47
38
33
48
40
46
33
23
37
35
29
34
36
28
54
35
29
29
29
35
23
25
25
17
24
17
15
14
12
12
10
9
5
4
6
2
4
0
3
3
1
0
0
0
0
0
1
0
345
186
96
120
112
68
66
53
61
37
70
62
50
81
89
108
1084
5436
3596
919
595
329
229
132
71
74
56
51
44
44
39
43
33
40
40
30
28
25
30
25
25
32
29
30
27
28
25
22
26
35
26
33
29
27
42
26
37
33
27
37
27
21
31
31
25
44
28
31
33
34
26
37
30
37
32
31
32
40
40
36
35
38
48
46
40
40
44
38
47
51
50
32
49
44
59
62
47
53
64
62
56
46
60
67
65
79
79
71
72
77
102
105
97
115
122
106
119
115
128
136
122
116
147
169
170
183
187
166
180
143
172
182
168
192
194
177
194
187
202
202
195
202
211
231
216
257
221
240
245
278
255
276
273
264
298
290
315
327
371
330
342
360
351
362
341
380
381
372
366
369
324
351
356
364
335
348
310
356
356
305
330
353
307
311
308
334
350
330
324
324
307
335
338
302
310
344
338
314
310
311
336
275
281
287
289
234
259
259
226
225
227
218
229
203
223
176
187
167
171
176
189
132
155
138
132
125
135
145
114
114
104
104
96
97
71
77
67
96
68
64
71
63
54
63
60
44
41
51
48
41
46
36
20
31
26
212
1841
242
243
269
249
273
248
219
217
188
178
152
167
168
491
2197
3683
6094
8917
8802
6222
4496
1034
261
168
146
95
105
80
58
55
48
45
52
35
44
31
32
29
38
35
25
25
27
31
26
23
28
33
26
22
24
32
22
24
20
24
22
19
32
26
25
9
18
21
29
22
21
26
20
25
14
17
16
17
19
9
12
9
7
7
8
9
8
5
9
4
7
5
6
3
5
3
5
1
0
3
2
5
4
0
3
4
1
3
4
0
4
2
3
3
2
3
0
2
2
1
1
1
0
2
2
1
2
2
0
2
1
2
2
4
1
0
1
0
0
0
0
0
1
0
1
0
1
1
0
0
0
0
1
0
0
0
0
0
0
0
0
0
0
0
0
0
0
0
0
0
0
0
0
0
0
1
0
0
0
0
0
0
0
0
0
0
0
0
0
0
0
0
0
0
0
0
0
0
0
0
0
0
0
0
0
0
0
0
0
0
0
0
0
0
0
0
0
0
0
0
0
0
0
0
0
0
0
0
0
0
0
0
0
0
0
0
0
0
0
0
0
0
0
0
0
0
0
0
0
0
0
0
0
0
0
0
0
0
0
7
5
11
9
14
10
9
9
6
21
8
17
76
162
615
2130
3873
5808
6286
8815
8479
3546
1404
455
162
72
60
49
20
14
11
10
8
8
8
7
3
3
3
5
7
8
5
6
6
3
10
5
8
7
8
9
2
3
9
7
4
6
6
8
5
9
6
4
10
7
8
7
7
15
8
5
11
10
7
10
9
16
16
15
7
17
14
21
17
24
13
17
19
10
23
20
21
25
17
32
23
21
25
35
23
25
33
39
38
35
32
40
35
49
45
47
52
49
80
70
55
75
67
61
75
80
102
73
109
116
107
92
109
91
113
123
132
128
121
110
127
100
100
122
90
90
93
80
97
110
80
81
81
73
72
78
77
86
75
67
68
64
69
70
54
57
43
63
60
48
52
35
40
41
31
27
39
40
33
30
34
45
35
31
32
21
21
27
28
22
17
27
24
20
11
10
14
9
13
11
16
12
10
12
11
5
7
9
6
8
5
6
5
8
8
4
2
4
3
5
1
2
4
1
5
6
2
1
1
3
3
2
3
2
2
2
0
1
1
2
0
1
0
0
2
0
0
0
1
1
2
2
0
1
1
0
1
0
0
1
6
5
0
4
9
4
8
11
10
13
25
143
332
1104
4684
7586
10304
8042
4851
2782
1274
486
154
89
74
34
33
19
9
17
9
4
8
6
3
6
3
6
6
3
8
6
3
7
9
6
7
6
4
4
2
6
2
6
6
8
7
3
5
3
5
5
5
5
1
5
3
9
4
3
7
4
9
11
14
11
3
6
4
8
8
10
7
4
10
8
8
20
12
15
6
21
16
12
15
19
7
10
11
23
11
16
12
25
22
17
19
27
33
32
26
26
27
33
28
21
30
41
44
30
40
30
34
22
30
27
28
31
21
28
42
27
36
34
34
48
46
40
34
39
35
54
41
49
50
49
41
53
44
57
43
55
53
53
55
55
66
70
68
76
62
60
52
48
54
67
54
66
63
58
74
71
60
76
75
68
67
83
89
78
85
74
77
75
88
100
94
70
89
71
71
66
65
67
70
87
71
89
77
73
75
75
60
79
77
68
54
58
45
49
57
47
37
44
33
23
38
25
24
21
23
25
21
22
14
17
14
12
9
6
3
3
2
3
1
3
0
2
0
2
1
0
1
3
1
0
2
1
0
0
0
0
0
0
0
0
824
124
125
155
162
186
153
166
171
206
239
617
532
485
758
1372
2152
2519
3202
5449
6789
2505
403
237
144
104
104
82
89
72
76
71
69
70
80
67
65
75
94
69
71
87
76
85
76
62
96
82
71
70
78
102
74
93
99
91
101
85
81
83
91
87
69
89
74
93
75
63
83
66
61
74
88
92
90
92
83
96
105
87
113
144
133
145
176
135
157
134
150
137
159
158
173
163
176
143
156
179
186
187
152
183
200
208
185
219
194
217
211
209
223
205
222
216
196
195
202
203
211
181
208
215
207
220
196
209
204
195
217
215
209
227
217
206
204
224
240
209
225
222
209
190
186
156
155
153
134
131
127
130
124
123
139
85
83
96
98
88
71
65
58
58
42
44
31
26
36
20
23
21
20
17
13
14
13
10
5
5
6
8
4
5
6
3
3
1
1
1
3
2
3
1
0
1
0
1
1
3
0
0
0
0
0
0
0
0
0
0
0
0
0
0
0
0
0
0
0
0
0
0
0
0
0
0
0
0
0
0
0
0
0
0
0
0
0
0
0
0
0
0
0
0
0
0
0
0
0
0
0
0
0
0
0
0
0
0
116
75
67
82
92
103
188
375
482
494
492
743
1296
1993
1875
2359
3312
3176
4245
4928
1263
237
136
88
57
66
65
60
54
56
54
56
84
73
73
79
58
71
81
86
80
85
72
83
81
75
93
129
114
150
185
207
205
191
215
207
176
187
171
136
164
176
163
188
163
160
145
190
182
190
163
173
186
166
150
160
157
169
176
162
168
199
163
170
142
181
175
177
168
157
192
208
208
182
185
171
165
140
140
172
164
153
139
119
138
121
139
126
131
137
132
126
145
156
133
141
146
132
147
147
122
142
139
148
150
145
123
145
140
132
130
130
142
135
154
148
169
172
137
166
153
175
178
186
180
190
176
171
163
161
143
142
142
124
127
128
112
129
115
104
104
67
67
80
77
70
60
58
37
55
38
38
17
27
22
29
22
23
14
11
10
17
13
10
4
5
3
6
6
5
4
3
3
5
3
3
2
0
2
2
0
0
0
0
0
0
0
0
0
0
0
0
0
0
0
0
0
0
0
0
0
0
0
0
0
0
0
0
0
0
0
0
0
0
0
0
0
0
0
0
0
0
0
0
0
0
0
0
0
0
0
0
0
0
0
0
2666
661
720
869
1071
1089
1184
1113
1614
2225
2057
2512
3383
3193
4206
4904
1315
278
224
129
96
78
75
70
66
57
55
55
38
50
48
41
43
25
35
38
37
32
33
36
44
49
24
48
34
46
42
42
30
33
44
37
46
40
42
35
39
49
46
47
56
50
42
55
40
53
44
52
64
47
44
67
49
54
51
60
61
79
60
59
44
55
44
62
56
70
67
61
62
56
54
51
56
46
45
62
46
55
54
57
52
54
54
50
59
49
54
47
76
57
64
45
68
57
65
60
63
54
66
62
51
63
65
62
76
73
72
72
80
85
89
83
98
96
92
100
89
104
97
104
113
129
128
106
114
115
136
115
127
135
141
150
142
170
162
166
188
153
158
169
191
199
188
184
181
163
176
137
159
160
138
141
134
105
121
105
86
108
99
85
66
85
66
59
51
49
53
39
48
22
20
16
18
22
12
14
12
15
5
7
5
6
6
6
2
5
6
3
3
4
2
1
0
0
0
0
0
0
0
0
0
0
0
0
0
0
0
0
0
0
0
0
0
0
0
0
0
0
0
0
0
0
0
0
0
0
0
0
0
0
0
0
0
0
0
0
4361
970
1108
1081
1018
1059
908
803
741
762
824
1078
1138
912
602
481
403
335
409
348
432
345
285
245
182
176
184
170
172
160
198
204
151
150
152
148
122
144
148
140
139
158
157
153
158
153
145
146
169
166
190
164
177
172
171
159
182
158
158
171
179
159
191
179
205
198
185
212
228
260
252
274
271
322
315
335
312
302
361
397
398
413
426
470
418
444
457
506
523
587
608
611
592
635
590
610
618
607
608
574
595
496
471
442
392
406
366
308
260
268
208
187
145
156
124
110
109
83
74
65
55
60
60
47
36
33
34
31
23
24
32
27
25
28
23
25
28
26
32
29
26
22
17
27
15
23
25
17
23
17
14
12
14
7
18
9
10
7
5
9
5
6
5
0
1
3
0
4
6
1
2
0
2
4
1
2
2
1
0
0
1
0
1
0
0
1
1
0
0
1
0
1
1
0
1
0
0
0
0
0
0
0
0
0
0
0
0
0
0
0
0
0
0
0
0
0
0
0
0
0
0
0
0
0
0
0
0
0
0
0
0
0
0
0
0
0
0
0
0
0
0
0
0
0
0
0
0
0
0
0
0
0
0
0
0
0
651
363
269
245
224
316
350
520
793
916
719
450
272
193
198
253
292
364
189
162
163
183
180
195
245
260
275
332
337
356
381
359
346
368
394
414
434
409
389
390
394
428
392
443
458
510
498
532
587
565
509
483
484
517
498
462
455
453
467
475
497
508
418
449
446
484
480
491
498
491
580
561
591
561
615
656
602
646
540
490
421
410
384
370
391
405
328
376
295
314
274
296
288
291
270
243
226
188
205
200
186
189
167
152
185
142
175
184
138
159
157
147
150
182
173
171
142
137
128
148
147
138
118
152
137
122
154
130
135
147
137
139
169
144
142
171
164
139
112
110
130
130
139
132
123
141
153
129
105
93
94
81
92
77
75
69
52
49
27
25
23
25
11
23
12
11
6
3
7
7
7
3
1
2
2
2
2
1
1
1
2
5
1
0
3
2
2
1
0
1
0
0
0
0
0
0
0
0
0
0
0
0
0
0
0
0
0
0
0
0
0
0
0
0
0
0
0
0
0
0
0
0
0
0
0
0
0
0
0
0
0
0
0
0
0
0
0
0
0
0
0
0
0
0
0
0
0
0
0
0
0
0
0
0
0
0
8769
3741
4032
3784
3254
2518
1853
1353
988
766
576
480
377
439
254
224
201
174
171
177
168
131
123
103
87
124
101
94
114
95
108
114
125
91
110
107
102
102
103
105
88
94
92
73
82
74
68
72
62
74
75
72
89
75
84
65
58
68
73
74
69
71
77
73
63
75
77
79
87
76
70
95
98
83
79
64
89
71
80
94
75
54
76
54
75
51
61
70
56
64
55
57
66
49
79
65
56
68
70
70
63
66
57
65
75
61
72
77
72
78
70
82
60
75
76
69
73
86
82
72
88
79
66
86
84
89
95
71
72
77
69
61
73
56
58
66
60
61
63
59
70
64
60
71
46
50
70
59
38
59
62
69
58
57
65
59
69
58
67
53
60
80
61
60
64
63
60
59
47
74
64
67
56
62
56
60
52
63
60
52
59
59
60
70
70
63
64
62
62
76
78
68
80
76
84
82
74
76
76
88
62
94
60
61
82
69
63
65
66
60
66
71
55
56
43
41
39
23
27
24
20
17
16
5
16
5
8
4
3
4
3
1
4
1
0
0
0
0
0
0
0
0
0
0
0
0
0
0
0
0
0
0
0
0
0
0
1972
421
528
469
442
452
631
830
892
967
788
913
936
1039
1296
2115
3815
3479
2828
868
370
306
228
246
190
199
166
167
158
159
160
142
179
175
165
191
189
172
191
183
200
216
195
197
188
212
203
196
177
188
166
193
177
213
202
209
199
215
204
212
223
211
197
203
216
247
216
231
227
216
231
234
239
295
323
306
308
318
338
323
292
303
266
329
291
272
280
290
249
229
226
233
252
231
255
225
236
214
251
261
186
192
190
197
175
158
141
141
128
117
100
97
101
100
108
104
84
119
93
95
101
111
89
87
92
100
76
94
81
77
81
83
79
82
48
92
102
85
71
57
59
55
53
38
44
34
39
26
28
26
24
25
25
20
17
17
21
20
20
13
15
12
17
15
16
15
11
19
6
5
7
9
3
7
1
0
0
0
3
0
0
2
2
0
0
0
0
1
1
2
0
0
0
0
0
1
0
0
0
0
2
0
0
1
1
0
0
0
0
0
0
0
0
0
0
0
0
0
0
1
0
0
0
0
0
0
1
0
0
0
0
0
0
0
0
0
0
0
0
0
0
0
0
0
0
0
0
0
0
0
0
0
0
0
0
0
823
481
483
744
834
684
519
756
796
744
882
928
996
1689
3201
3005
2705
1184
933
575
287
230
221
200
229
197
223
206
211
176
182
173
195
215
209
244
219
230
212
184
188
200
230
229
222
243
255
265
298
279
273
311
264
267
236
256
227
214
214
220
223
261
261
289
269
310
322
349
307
297
340
319
334
337
385
363
393
420
418
418
396
385
354
365
313
324
278
287
278
288
260
257
237
276
238
245
214
183
167
174
155
177
143
141
151
131
140
143
143
139
135
151
143
144
124
138
122
140
126
132
125
114
107
112
87
75
78
95
81
57
60
62
60
58
40
41
37
43
41
26
30
34
15
26
15
24
23
22
15
15
16
10
13
10
8
12
15
16
7
2
12
8
4
5
6
9
4
1
7
9
7
7
8
5
4
4
2
9
5
7
2
7
6
6
6
2
1
1
4
2
3
1
2
2
2
1
1
0
2
0
1
0
0
2
0
1
1
1
1
1
2
0
0
0
0
0
0
0
0
0
1
0
0
0
0
0
0
0
0
0
0
0
0
0
0
0
0
0
0
0
0
0
0
0
0
0
0
0
0
0
0
0
0
0
0
0
7074
2514
3271
3431
2823
2096
1720
1483
1234
1194
1210
1081
1547
2863
2538
2522
1326
630
262
206
120
117
86
90
76
81
58
80
80
71
66
69
63
66
65
65
87
91
93
80
105
104
104
83
95
98
84
102
70
77
82
73
84
73
101
101
96
112
100
101
105
125
89
101
97
96
92
83
77
80
78
88
93
80
83
79
75
84
52
53
56
61
56
59
58
50
60
48
50
50
61
46
46
40
52
47
58
57
49
51
44
39
33
55
45
64
45
39
52
62
56
52
57
55
48
49
39
31
32
32
38
41
41
29
34
29
32
30
23
17
15
14
17
13
17
16
19
8
12
8
15
14
8
9
12
6
8
10
4
13
7
10
4
7
8
7
7
8
6
10
10
2
7
6
5
6
5
2
5
1
10
3
2
1
0
4
4
1
1
2
3
0
1
2
4
1
1
5
2
0
1
3
3
2
5
2
10
5
0
3
0
5
4
1
2
5
4
2
3
0
2
1
1
1
0
0
0
2
1
0
0
1
0
0
0
1
0
0
0
0
0
0
0
0
0
0
0
0
0
0
0
0
0
0
0
0
0
0
0
0
0
0
0
0
0
0
