2380
298
307
452
412
513
573
839
788
771
768
808
807
945
807
759
645
596
511
436
386
429
356
314
305
320
332
360
312
350
285
335
315
338
326
335
325
331
340
302
326
340
358
331
360
330
349
362
334
327
358
338
402
370
346
322
341
339
324
359
357
340
322
351
318
310
304
315
313
289
303
267
298
297
294
281
269
271
280
256
274
283
251
250
243
217
261
242
212
227
208
210
224
214
197
214
196
200
178
180
167
180
180
186
175
147
172
163
139
154
142
147
141
141
136
124
132
147
114
119
108
121
101
110
99
104
89
112
96
84
92
87
90
85
78
78
84
67
71
82
75
69
59
63
61
47
67
54
55
43
60
63
52
42
42
49
42
27
48
33
39
33
32
22
33
23
31
25
30
38
31
26
21
26
23
19
26
16
23
11
26
15
17
14
15
10
25
10
17
8
18
11
13
13
17
9
16
6
12
6
9
3
8
8
9
6
6
2
1
4
4
6
4
7
7
3
1
7
0
3
2
1
1
2
3
2
0
1
1
2
2
1
0
1
0
1
0
1
0
1
0
0
0
0
1
1
0
2
1
0
0
0
0
0
0
0
226
73
76
115
171
230
266
455
451
713
941
758
867
867
715
571
551
588
608
538
364
322
250
212
225
208
204
221
233
217
241
242
249
238
269
275
287
290
272
307
313
277
305
326
361
363
331
317
335
339
356
350
362
353
360
371
369
411
398
375
374
377
393
409
408
410
428
384
403
380
383
406
363
399
363
338
374
325
361
364
324
361
359
356
352
349
305
305
317
303
308
302
281
278
301
282
254
252
270
253
253
231
222
252
256
211
250
199
178
201
213
166
192
155
177
171
164
177
163
162
165
137
144
146
137
140
141
144
136
140
133
121
133
102
136
109
104
99
90
98
114
109
110
95
104
91
92
93
84
75
72
69
77
74
60
71
72
68
69
62
62
56
47
43
51
47
56
40
51
47
35
39
45
44
41
31
32
34
35
34
26
21
29
24
24
24
19
27
25
17
25
21
17
18
12
23
19
16
12
12
16
8
8
13
17
10
11
14
10
7
12
10
6
10
7
12
1
3
5
7
8
6
2
2
0
3
6
1
2
3
2
4
2
5
3
0
0
2
2
1
0
0
2
1
0
2
0
0
0
0
0
0
1
0
0
0
12
9
14
20
60
88
187
233
303
462
822
702
755
762
607
535
479
411
467
451
396
342
294
245
152
140
140
127
114
102
106
107
103
125
142
127
139
130
124
151
156
151
168
173
173
166
173
193
185
217
218
187
214
224
230
222
216
231
253
262
271
249
271
286
277
275
311
300
321
308
300
331
347
364
373
340
367
338
354
364
391
360
387
384
369
386
353
371
364
368
389
358
365
389
400
364
346
388
370
344
365
373
394
356
332
352
307
304
323
370
305
271
302
286
276
274
292
257
279
281
258
255
237
227
234
225
241
198
215
214
208
204
203
185
201
216
204
191
159
180
169
184
160
160
177
161
180
172
140
136
148
148
136
153
91
129
112
110
109
117
107
102
119
98
87
100
97
115
81
91
73
87
94
86
67
87
75
58
63
71
56
63
62
57
50
51
52
61
51
61
43
42
43
32
38
35
37
35
41
30
29
32
36
29
28
26
31
24
25
25
22
16
23
27
22
22
16
17
11
13
14
13
22
15
15
13
18
3
7
12
7
8
9
10
6
6
3
10
3
8
8
5
11
5
3
2
1
3
1
2
2
3
2
3
0
8
1969
202
257
261
308
307
332
356
338
296
292
325
342
361
442
682
1211
1058
1262
1243
1209
1322
1290
1112
1080
1094
1120
1009
882
870
731
786
698
626
527
460
399
378
392
317
336
288
313
298
285
264
281
289
282
267
286
293
269
291
300
268
300
264
251
320
253
250
256
235
229
253
262
226
258
259
230
254
222
226
177
213
219
202
191
191
195
185
196
180
171
193
178
164
157
155
170
159
171
136
142
160
125
140
132
139
115
136
104
102
121
108
109
101
96
97
98
93
96
96
89
81
71
70
67
58
58
59
64
68
75
50
59
48
55
42
51
24
40
48
50
45
33
32
26
29
27
37
25
32
29
29
26
33
24
29
19
12
19
21
11
20
21
24
14
14
19
10
21
11
16
7
10
13
11
6
9
7
10
14
5
6
6
5
9
3
6
2
6
2
4
8
3
5
2
8
4
4
3
2
1
3
0
2
3
1
1
0
1
3
0
1
3
1
4
3
2
1
1
0
2
1
0
0
0
1
0
1
0
0
0
0
0
0
0
0
0
0
0
0
0
0
0
0
0
0
0
0
0
0
0
0
0
0
0
0
0
0
0
1
0
0
216
53
55
111
164
137
132
191
127
151
125
171
139
149
172
141
187
197
247
355
705
963
1250
1047
1092
1047
1205
1434
1408
1206
1194
1113
975
915
719
650
497
430
358
354
345
324
353
312
300
296
275
306
337
286
318
296
301
309
345
307
342
370
319
316
327
338
302
325
352
295
317
296
319
323
327
341
328
290
302
311
269
300
286
295
312
282
280
305
288
239
254
279
252
244
238
264
240
201
228
216
245
204
174
188
195
201
163
194
166
146
157
176
146
169
169
142
132
130
110
146
127
125
134
109
103
97
104
105
87
95
90
96
86
63
77
78
72
76
60
57
75
51
54
59
63
61
56
47
38
52
53
52
48
26
46
26
42
37
24
28
41
35
35
21
34
21
19
29
20
24
24
22
23
22
20
14
23
12
18
14
16
7
13
19
13
9
13
11
7
12
14
11
7
9
9
8
1
4
2
3
10
3
2
2
5
5
3
3
2
2
3
2
1
2
0
3
2
2
2
3
0
1
2
4
1
1
1
1
0
0
0
0
1
0
1
0
2
0
0
0
0
0
1
0
0
0
0
0
0
0
0
0
0
0
0
0
0
0
1
0
17
11
7
62
89
117
80
122
82
80
77
78
60
74
71
70
83
76
84
102
183
424
368
554
488
697
1009
1254
1102
1135
1130
1368
1260
976
848
849
717
535
479
408
320
228
193
188
174
179
175
160
184
185
181
191
185
228
243
196
219
228
226
229
275
235
281
273
286
260
288
264
281
281
268
249
287
263
310
294
289
280
263
311
282
291
292
306
281
303
302
295
297
276
304
279
289
276
240
243
238
265
239
303
259
265
244
255
289
241
253
232
247
215
231
267
219
217
202
197
226
213
212
200
205
197
181
183
202
163
181
175
172
159
163
146
146
160
158
132
172
157
140
143
143
131
117
124
116
123
115
111
129
105
109
115
117
111
111
98
97
93
75
93
77
85
73
81
89
83
87
57
76
59
75
61
58
63
67
45
44
43
51
67
51
48
42
45
39
43
30
46
45
25
41
36
40
33
36
30
36
31
20
39
26
35
26
19
25
23
18
23
16
20
18
25
6
12
13
16
13
8
17
10
9
7
3
10
16
7
12
4
3
7
3
5
6
7
4
2
3
2
5
4
5
2
5
4
1
6
5
3
2
1
2
0
4
1
3
11
90
7
13
17
10
12
14
20
221
590
272
297
469
690
725
961
985
1717
1517
1429
1371
1113
1239
1215
1240
1104
1007
1114
978
989
1115
1157
1224
1193
1112
962
1209
814
694
744
842
729
550
686
485
298
247
209
171
176
228
228
182
143
156
118
124
139
128
107
131
121
118
142
126
111
128
111
120
131
130
124
112
113
110
130
111
113
129
125
128
98
106
88
119
100
103
131
98
102
110
94
98
104
109
116
102
89
90
93
98
104
102
91
82
88
80
105
80
83
74
83
89
95
68
77
76
69
64
80
73
58
82
56
52
57
48
53
62
48
35
40
40
39
41
41
36
30
21
33
34
30
20
29
18
32
23
28
27
25
21
21
27
21
22
18
19
15
15
14
14
18
8
15
9
8
10
17
7
12
6
9
5
5
11
9
3
10
9
6
8
8
5
7
7
11
7
8
7
7
5
3
3
5
10
2
3
2
3
5
5
1
1
3
2
3
6
2
0
0
1
1
1
2
1
6
2
2
0
0
2
2
4
3
1
0
3
1
5
1
1
3
0
2
2
1
0
1
0
0
1
1
0
0
0
0
0
0
0
0
0
0
0
0
0
0
47
10
11
22
16
15
13
21
226
469
446
591
795
1043
1015
1057
999
1029
970
1268
1260
1244
1294
1344
1506
1432
1381
1890
1687
1423
1351
1234
1106
965
973
857
840
1281
1075
438
342
255
210
230
199
198
132
122
98
102
112
89
114
122
126
136
130
137
136
128
145
155
144
129
145
119
152
144
139
132
137
133
144
118
126
124
131
138
135
113
124
123
122
137
124
129
95
130
133
112
109
113
111
99
102
97
103
105
112
111
115
105
101
106
108
97
101
92
83
66
82
67
71
69
56
65
68
61
69
50
35
45
46
46
45
36
42
36
36
29
30
41
19
34
31
33
35
20
20
17
15
20
18
16
23
13
19
18
7
10
17
16
13
12
12
10
12
9
9
8
10
9
7
12
5
5
12
9
8
11
6
8
5
8
3
11
7
2
5
6
4
3
5
7
4
2
2
2
1
2
1
2
3
3
3
2
1
4
0
2
1
2
2
1
2
2
2
2
3
2
1
1
3
1
0
2
1
2
2
2
1
0
1
1
0
0
1
0
1
0
0
0
0
0
0
0
0
0
0
0
0
0
0
0
0
0
0
0
0
0
0
0
0
0
0
0
1
2
0
5
6
7
9
20
418
973
1160
1181
1493
1697
1537
1517
1335
1463
1469
1785
1810
1404
1295
1457
1349
1434
1385
1404
1349
1502
1275
935
893
646
431
365
128
102
67
67
78
56
75
70
92
93
91
102
97
113
109
115
118
125
104
110
133
120
116
137
146
148
153
134
125
147
123
136
136
169
144
136
146
130
125
127
141
116
128
119
126
114
106
112
115
112
108
87
108
93
94
103
105
101
81
79
84
89
89
93
79
86
88
94
89
69
88
69
75
77
74
72
71
72
69
72
71
70
62
86
65
78
63
59
56
65
69
63
49
48
51
65
60
45
49
52
32
45
42
44
34
34
41
33
29
30
29
31
22
31
30
18
23
16
20
18
14
13
11
13
15
13
6
10
9
12
8
13
15
11
5
7
9
8
6
12
4
8
4
6
5
4
6
6
6
2
6
6
4
4
4
3
1
2
1
3
2
1
1
1
2
2
2
2
2
0
2
0
1
2
2
2
0
2
2
2
3
1
3
3
0
1
3
1
2
0
3
1
2
1
0
0
0
0
1
1
1
0
0
0
0
0
0
0
0
0
0
0
0
0
0
0
0
0
0
0
5204
499
515
528
530
516
495
463
459
471
432
462
440
444
444
436
457
392
437
398
440
419
389
385
407
436
377
363
388
374
361
360
369
366
382
358
353
346
345
346
378
350
361
366
330
339
315
305
320
307
298
325
260
286
285
310
325
310
303
277
266
275
269
279
234
239
247
253
264
239
257
237
252
211
208
234
221
250
202
224
205
204
193
199
194
181
230
197
189
196
202
161
196
177
176
188
184
182
211
180
146
172
153
165
166
182
172
135
152
156
158
147
156
132
123
142
120
135
115
124
148
128
146
137
120
111
122
117
128
107
103
94
115
106
85
111
117
91
84
98
100
98
84
100
71
80
95
85
85
89
87
61
81
68
56
71
63
69
57
58
60
63
62
59
55
46
50
63
45
62
56
53
61
52
50
41
41
59
35
37
30
36
39
33
36
43
30
37
26
28
32
22
30
26
27
18
23
25
28
20
23
20
16
22
20
23
19
22
20
12
14
14
15
21
19
13
11
9
16
8
14
8
9
10
10
6
6
9
12
10
7
4
9
3
6
9
4
5
1
7
2
3
3
1
3
1
3
1
3
1
3
3
1
2
0
8
1068
438
402
399
377
409
366
392
358
389
372
353
362
344
341
356
340
305
372
335
328
336
359
359
360
341
308
334
297
334
345
345
313
339
306
348
315
305
354
349
317
326
347
353
379
315
313
321
323
353
337
335
353
298
324
356
306
328
359
321
344
331
307
320
331
351
311
300
333
307
304
308
303
301
280
296
282
289
268
261
274
249
251
285
262
298
286
254
262
265
246
232
224
247
236
269
232
223
222
216
225
188
204
222
221
204
200
209
193
207
184
194
186
187
205
203
178
176
200
184
179
199
167
142
152
138
146
167
163
159
145
140
126
155
137
150
140
157
131
145
121
126
127
132
127
128
116
106
106
123
106
115
96
105
106
108
80
110
102
93
100
83
101
86
106
96
83
72
90
77
69
80
81
69
72
77
64
69
71
71
63
76
51
53
59
50
60
61
67
57
47
51
40
50
48
44
41
44
47
39
53
45
34
37
30
22
28
25
27
33
38
37
31
30
23
30
21
33
21
27
33
22
19
15
26
21
13
22
19
15
11
19
20
16
9
13
14
18
11
16
8
14
10
8
12
8
3
7
6
6
5
6
7
6
3
13
277
213
131
315
322
214
295
338
348
268
331
323
294
308
302
308
278
294
284
276
306
301
282
327
304
289
284
299
271
284
311
308
275
310
299
263
270
312
290
311
270
296
268
284
290
294
277
278
301
276
302
275
307
287
269
289
298
308
327
290
299
293
319
321
278
301
293
293
302
289
299
313
281
290
277
309
269
263
295
262
303
273
263
264
313
302
266
253
265
280
291
270
284
261
289
267
255
292
265
244
243
257
235
250
233
247
208
255
255
216
245
236
220
208
230
223
204
224
221
222
203
236
193
194
210
186
191
194
183
190
179
182
190
183
171
169
164
161
154
154
146
135
165
152
156
141
144
144
155
158
146
136
140
143
117
129
113
131
148
138
138
128
122
108
119
108
121
109
110
102
101
112
112
94
102
106
109
86
98
92
90
93
87
85
78
96
92
58
63
70
72
84
83
75
86
66
59
53
65
73
64
58
57
59
54
58
55
63
59
43
51
55
52
47
47
48
36
40
42
52
38
29
39
25
42
32
28
37
31
33
22
26
16
27
30
30
24
27
22
24
18
21
20
20
11
21
14
27
11
11
13
10
8
14
15
118
3394
532
727
580
745
707
662
678
670
680
607
584
565
579
574
551
536
551
531
520
523
515
489
479
430
414
446
448
400
384
386
371
374
348
342
342
342
319
341
315
266
297
268
244
263
252
253
269
246
246
259
253
248
231
244
190
204
217
211
186
200
195
196
210
186
193
179
187
168
214
153
189
174
162
190
171
188
163
170
191
155
168
193
136
134
177
171
162
184
162
163
169
189
156
153
176
160
166
141
172
170
132
135
149
120
123
152
117
119
146
150
124
126
122
128
128
141
97
129
134
112
133
128
125
128
118
127
116
125
128
105
112
111
111
128
127
130
100
119
121
120
129
108
117
114
116
100
84
99
115
118
113
87
103
104
108
101
101
94
93
94
93
92
83
78
84
77
86
90
75
97
63
74
64
75
41
64
60
65
66
56
50
48
49
54
60
52
58
44
46
46
37
46
42
53
46
39
39
48
42
48
51
44
45
39
37
31
43
30
35
30
31
40
30
32
25
12
27
24
20
32
25
25
25
25
20
16
17
25
20
26
12
8
20
16
11
22
10
15
8
10
10
5
6
10
7
6
2
4
1
4
8
3
1
0
13
1689
779
697
703
675
692
610
590
548
548
517
495
519
499
463
424
386
391
374
355
330
319
293
310
300
325
292
285
264
271
296
259
280
235
282
267
226
239
267
233
241
262
246
219
250
237
287
233
231
243
236
246
232
232
256
267
269
293
278
242
257
260
294
284
285
270
298
288
316
302
299
265
273
270
265
283
292
268
253
257
261
257
289
302
255
288
245
236
214
229
209
228
214
209
243
203
192
197
196
177
170
181
164
169
173
151
179
155
161
147
163
164
142
154
153
174
144
148
158
181
156
139
154
130
147
136
138
155
132
142
136
134
127
118
124
118
115
106
111
117
106
100
129
98
82
114
112
100
115
111
103
124
117
102
91
95
104
100
106
95
105
109
87
88
106
80
97
102
93
78
117
82
112
91
96
87
78
86
85
91
90
75
73
79
80
82
64
82
85
84
68
76
65
60
71
55
65
58
62
57
58
65
56
49
47
43
52
58
49
52
39
49
54
42
51
39
42
35
38
37
41
33
38
40
28
32
27
25
28
24
24
26
26
18
15
15
13
13
16
17
13
10
10
11
11
5
4
3
3
5
9
3
4
5
6
5
1176
553
397
735
677
540
681
593
576
513
577
522
503
481
438
414
448
403
393
360
380
373
322
336
340
313
288
282
295
290
267
277
265
247
263
249
233
242
257
226
213
218
245
251
259
234
215
212
200
225
220
216
244
216
215
221
241
250
198
221
252
222
233
242
237
238
254
245
235
252
237
235
236
263
222
228
275
247
232
252
238
250
228
250
222
244
247
252
229
253
259
261
248
252
242
226
248
236
221
227
251
212
235
241
203
205
180
188
205
179
198
179
186
182
182
201
182
162
172
165
158
157
152
151
133
126
121
127
124
118
116
105
120
130
97
119
91
102
104
99
122
117
111
111
117
112
131
120
107
119
111
124
105
123
92
124
102
126
110
114
117
95
104
116
112
98
109
140
109
110
119
92
115
108
86
94
102
107
93
81
97
90
83
91
67
92
90
84
77
82
90
84
74
71
73
75
87
76
61
69
63
75
64
69
64
52
60
60
60
52
59
60
59
55
50
56
49
54
54
52
42
59
42
37
45
43
39
42
35
38
35
40
27
42
28
34
23
24
22
32
37
18
24
22
16
18
13
15
23
19
22
12
20
14
17
111
421
231
449
506
798
1039
1277
1456
1568
1779
1693
1744
1729
1720
1567
1457
1321
1230
1201
1136
1027
969
861
838
821
745
763
650
581
552
521
499
491
459
397
401
368
352
320
335
301
317
282
291
276
248
236
224
207
239
202
209
229
203
196
203
200
199
164
207
170
160
195
176
171
151
142
145
146
117
141
130
127
97
107
105
105
102
85
77
92
104
80
85
97
74
79
66
61
73
52
58
59
70
63
48
39
48
48
47
39
35
43
43
34
48
28
24
44
34
25
27
28
38
22
24
21
21
15
19
21
24
17
18
19
14
24
13
15
12
12
7
10
13
8
3
3
6
4
5
4
4
7
5
2
3
1
2
2
1
0
1
0
1
1
0
1
0
0
3
0
0
0
1
0
0
0
0
0
0
0
0
0
0
0
0
0
0
0
0
0
0
0
0
0
0
0
0
0
0
0
0
0
0
0
0
0
0
0
0
0
0
0
0
0
0
0
0
0
0
0
0
0
0
0
0
0
0
0
0
0
0
0
0
0
0
0
0
0
0
0
0
0
0
0
0
0
0
0
0
0
0
0
0
0
0
0
0
0
0
0
0
0
0
0
0
702
498
637
835
1065
1255
1514
1749
1837
1895
1804
1733
1617
1518
1495
1427
1361
1268
1126
1089
970
898
897
784
706
644
619
530
529
531
456
427
393
368
395
361
351
308
324
288
275
292
267
251
225
231
225
254
205
226
217
199
201
213
208
190
215
165
192
163
154
146
161
154
157
140
144
131
114
120
111
115
108
103
106
92
101
88
72
72
95
85
73
84
71
76
62
61
69
59
58
59
53
41
37
51
44
42
31
46
34
29
31
38
20
28
26
36
24
25
12
24
20
25
17
14
20
13
11
15
18
13
12
8
9
12
3
3
8
4
2
3
2
5
6
1
5
1
3
1
0
1
3
0
1
0
1
2
0
3
0
0
0
0
0
0
0
0
0
0
0
0
0
0
0
0
0
0
0
0
0
0
0
0
0
0
0
0
0
0
0
0
0
0
0
0
0
0
0
0
0
0
0
0
0
0
0
0
0
0
0
0
0
0
0
0
0
0
0
0
0
0
0
0
0
0
0
0
0
0
0
0
0
0
0
0
0
0
0
0
0
0
0
0
0
0
0
0
0
0
0
0
0
0
0
0
0
0
0
0
0
0
0
0
0
0
217
184
173
324
419
509
676
819
998
1205
1433
1426
1418
1479
1565
1571
1480
1459
1403
1382
1337
1241
1209
1102
1057
994
943
827
769
699
653
634
516
501
507
451
425
432
393
385
363
332
332
305
294
271
255
257
270
249
253
243
247
232
208
206
215
223
214
218
184
219
207
186
206
158
144
146
171
142
147
146
152
125
123
113
124
117
116
110
93
91
116
71
73
82
81
79
75
64
49
71
53
48
49
58
53
45
39
50
41
38
41
36
47
37
38
37
38
31
24
27
36
24
27
27
17
26
21
14
23
19
22
23
20
13
28
20
15
16
16
14
16
9
15
10
13
7
4
10
8
12
7
6
8
7
5
3
2
1
2
1
0
2
2
0
2
0
0
1
4
0
2
0
0
2
0
0
0
1
0
0
0
0
0
0
0
0
0
0
0
0
0
0
0
0
0
0
0
0
0
0
0
0
0
0
0
0
0
0
0
0
0
0
0
0
0
0
0
0
0
0
0
0
0
0
0
0
0
0
0
0
0
0
0
0
0
0
0
0
0
0
0
0
0
0
0
0
0
0
0
0
0
0
0
0
0
0
0
0
0
0
0
0
0
0
