4
0
0
0
1
0
0
1
4
3
3
6
8
11
10
21
22
22
34
39
49
68
70
90
99
89
95
115
145
116
166
170
177
195
198
201
197
187
206
199
231
196
219
183
204
240
196
209
187
175
189
145
167
167
131
106
134
153
113
92
106
97
99
115
99
107
90
100
89
90
100
77
93
108
112
98
104
92
99
107
114
94
107
100
100
96
101
92
110
86
107
90
96
85
97
105
105
118
144
141
169
195
277
366
442
581
1397
2746
4282
4918
6343
5559
2924
320
246
47
22
47
41
38
48
29
45
37
44
49
41
40
41
48
52
58
77
73
71
75
78
97
79
70
99
86
80
99
68
102
59
85
64
75
73
61
80
67
85
86
77
66
73
57
80
108
116
101
84
67
55
45
49
41
35
28
32
34
28
26
36
19
33
25
26
29
21
23
18
17
18
12
6
2
3
9
2
5
7
5
4
3
2
0
0
0
2
0
0
1
0
1
0
0
0
0
0
0
0
0
0
0
0
0
0
0
0
0
0
0
0
0
0
0
0
0
0
0
0
0
0
0
0
0
0
0
0
0
0
0
0
0
0
0
0
0
0
0
0
0
0
1
0
3
2
1
1
1
3
3
2
3
7
9
7
10
21
38
35
46
52
74
60
71
80
67
96
98
96
106
126
120
136
164
146
157
164
180
196
173
192
222
185
174
176
187
182
171
221
193
161
180
177
199
169
140
171
143
150
116
140
124
111
121
99
107
108
104
103
92
119
120
92
145
120
113
121
159
156
162
183
167
164
143
187
199
184
236
227
263
382
1087
2540
3477
2714
3540
3301
3256
4762
4039
1143
58
31
21
24
21
18
16
14
27
18
28
21
25
16
26
21
26
22
35
20
28
22
44
35
30
28
34
32
32
23
46
50
59
41
28
33
40
57
48
25
28
46
46
52
52
49
57
67
58
52
52
62
73
88
101
87
89
105
103
81
85
85
80
82
88
87
80
99
108
132
118
117
104
85
91
72
62
58
51
43
41
32
33
28
32
26
31
28
37
39
30
23
20
22
15
6
11
4
4
3
3
0
0
0
0
0
0
0
0
0
0
0
0
0
0
0
0
0
0
0
0
0
0
0
0
0
0
0
0
0
0
0
0
0
0
0
0
0
0
0
0
0
0
0
0
0
0
0
0
0
0
0
0
0
0
0
0
0
0
0
0
0
0
0
1
0
0
0
2
1
0
1
1
2
2
2
2
4
0
1
2
6
1
3
4
3
1
4
4
7
5
9
7
13
11
16
42
51
63
43
38
50
37
34
29
33
51
35
43
43
42
56
40
68
60
68
72
77
84
81
73
88
77
59
115
122
91
104
107
110
112
141
130
148
129
140
136
136
149
138
146
171
214
872
2174
3178
2399
2492
1931
2937
2889
3853
3312
2568
2435
1454
279
233
199
179
195
192
183
144
134
142
102
133
125
127
103
118
106
96
88
79
72
56
57
49
46
56
44
45
39
36
32
27
24
34
30
28
34
28
17
24
18
25
16
29
23
28
16
24
27
24
19
32
24
23
28
22
22
17
31
17
17
28
22
26
20
24
29
37
31
23
27
34
25
31
37
34
47
28
47
32
55
35
45
59
46
42
39
33
32
39
47
48
40
47
63
69
84
85
108
110
119
129
129
120
131
125
134
139
163
172
142
138
163
116
80
105
85
70
59
59
71
61
48
41
40
46
37
26
16
12
15
14
5
8
4
5
1
2
0
0
0
0
0
0
0
0
0
0
0
0
0
0
0
0
0
20
7
11
9
20
25
22
20
32
38
49
40
73
98
76
93
98
145
161
154
182
216
269
229
274
290
275
291
293
292
303
319
295
295
296
320
338
275
298
265
263
277
268
264
273
262
267
260
233
280
271
284
294
288
267
268
236
240
219
209
204
226
205
209
203
205
229
192
186
260
194
206
213
239
218
217
241
230
237
239
223
192
216
234
253
208
188
205
205
234
213
223
204
208
228
229
245
243
242
263
279
264
329
326
397
632
540
568
877
438
303
321
225
323
282
302
264
264
244
219
244
204
251
234
238
286
315
328
313
302
322
267
256
261
258
269
268
311
301
303
324
335
310
343
327
324
349
335
339
335
299
268
313
284
264
267
252
279
237
247
268
219
227
201
159
172
153
171
159
150
136
133
127
147
138
166
151
214
169
199
215
223
158
160
167
136
146
148
105
108
84
75
70
62
33
55
65
45
33
39
33
10
3
4
2
1
2
1
0
0
0
0
0
0
0
0
0
0
0
0
0
0
0
0
0
0
0
0
1
0
0
0
0
0
0
0
0
0
0
0
0
0
0
0
0
0
0
0
0
0
0
0
0
0
0
0
11
12
7
10
11
19
24
27
22
21
41
40
55
67
86
77
85
117
115
152
186
172
222
226
244
298
302
269
266
290
302
289
255
291
301
291
254
295
264
273
293
253
272
230
246
265
270
260
258
203
237
222
209
248
241
253
228
205
243
247
239
247
236
227
223
177
197
180
203
179
186
174
168
198
180
175
175
176
186
201
177
190
186
195
199
207
202
231
252
269
516
556
488
745
394
217
164
160
170
160
179
150
167
137
157
160
153
165
159
142
146
156
160
163
147
139
159
166
180
175
184
181
157
184
203
200
213
286
296
271
223
267
254
312
324
319
319
328
310
272
296
286
271
296
299
307
342
362
332
335
425
371
374
368
367
380
394
385
345
364
356
391
377
367
316
332
290
294
315
331
294
290
268
230
269
228
191
196
212
190
211
201
214
226
224
209
199
238
239
273
268
231
184
152
128
119
83
95
87
56
39
27
18
9
11
13
4
2
2
0
0
0
1
0
0
0
0
0
0
0
0
0
0
0
0
0
0
0
0
1
0
0
0
0
0
0
0
0
0
0
0
0
0
0
0
0
0
0
0
0
0
0
0
0
0
0
0
0
0
0
0
0
0
2
0
0
1
0
0
1
2
2
2
5
4
5
9
2
5
8
9
9
7
11
26
21
18
20
20
15
31
41
47
66
82
79
95
100
122
141
140
133
159
159
138
143
139
139
160
145
159
177
196
166
198
187
184
189
168
198
181
175
173
185
182
199
172
183
199
179
196
196
186
179
188
184
168
184
169
202
212
237
269
465
556
508
696
410
358
227
191
161
161
149
145
141
128
134
139
138
110
124
116
111
134
117
117
129
151
115
113
103
109
124
127
128
147
131
138
125
133
134
181
122
127
138
115
153
124
135
139
111
136
138
104
124
127
100
114
122
138
106
111
108
129
121
113
104
135
147
156
151
150
172
152
163
181
177
163
163
150
168
163
163
178
177
193
169
182
181
226
193
213
247
203
237
249
278
250
288
351
417
425
418
443
507
528
538
536
514
539
499
535
574
592
537
486
475
559
594
508
552
514
518
534
493
434
435
407
428
383
371
335
355
376
336
383
367
301
256
261
249
256
199
164
162
129
97
63
36
25
21
21
5
5
5
2
0
1
1
0
0
1
0
0
0
0
0
0
0
0
0
54
14
20
18
31
28
38
36
48
64
71
93
108
99
134
174
185
196
242
283
279
322
361
350
426
458
430
413
419
457
494
489
495
477
506
495
480
468
477
504
447
491
432
459
447
411
389
385
408
380
355
340
341
313
296
288
282
266
235
238
246
218
223
209
211
189
174
200
179
185
176
166
140
147
148
135
137
149
132
144
146
132
141
93
125
123
127
122
126
136
126
117
111
107
125
144
169
175
192
224
282
305
882
1994
2266
3750
3849
2621
3571
822
683
201
92
53
23
12
10
6
13
10
7
7
1
5
6
7
5
7
2
6
4
6
4
2
1
3
4
5
1
1
1
3
3
2
1
2
0
1
0
0
1
1
0
1
0
0
0
0
0
1
2
1
0
1
0
2
0
0
0
0
0
0
0
0
0
0
0
0
0
0
0
0
0
0
0
0
0
0
0
0
0
0
0
0
0
0
0
0
0
0
0
0
0
0
0
0
0
0
0
0
0
0
0
0
0
0
0
0
0
0
0
0
0
0
0
0
0
0
0
0
0
0
0
0
0
0
0
0
0
0
0
0
0
0
0
0
0
0
0
0
0
0
0
0
0
0
9
4
4
11
19
19
16
17
28
36
38
32
49
65
79
90
89
116
132
178
190
199
213
277
297
324
328
334
353
352
359
377
391
390
423
425
481
418
462
432
412
421
477
450
423
400
422
422
408
382
377
425
391
351
373
332
324
327
337
303
325
311
253
277
260
268
248
267
203
227
237
214
204
238
239
230
230
224
221
209
220
241
260
314
299
365
812
1094
1561
1868
3788
3975
2681
3475
998
905
554
304
177
104
76
70
65
63
53
43
41
37
43
34
26
26
28
27
31
20
22
24
18
21
21
12
13
13
17
15
12
20
17
11
12
6
10
5
11
8
3
2
7
5
6
6
3
4
5
4
6
5
4
2
5
1
5
1
2
1
1
2
2
1
0
2
0
1
1
0
0
1
0
0
1
0
0
0
1
0
1
2
1
0
0
1
1
0
0
0
0
0
0
0
0
0
0
0
0
0
0
0
0
0
0
0
0
0
0
0
0
0
0
0
0
0
0
0
0
0
0
0
0
0
0
0
0
0
0
0
0
0
0
0
0
0
0
0
0
0
0
0
0
0
0
0
0
0
0
0
0
0
0
0
0
0
0
0
0
0
0
0
0
0
0
0
0
0
0
0
0
0
0
0
0
0
1
1
0
1
2
2
1
3
7
11
9
10
14
12
14
18
12
28
26
43
37
50
61
84
85
76
102
110
139
131
163
169
174
153
163
163
172
160
177
167
181
164
191
207
201
200
197
189
225
203
214
234
230
217
282
264
250
295
310
285
299
298
330
343
370
392
507
884
1249
1750
2162
3833
4025
2789
3557
1036
1150
1173
867
722
588
419
416
330
306
275
291
247
246
232
257
229
219
225
216
181
181
200
192
175
170
149
179
175
191
150
163
142
162
132
135
134
129
120
108
143
120
127
131
123
112
97
88
89
89
87
83
94
73
73
88
77
59
63
70
87
72
59
43
54
57
47
31
51
43
52
37
33
30
32
28
24
28
27
25
32
19
22
14
23
20
21
11
11
14
11
10
4
13
5
8
4
7
6
5
3
4
6
5
2
7
2
4
3
0
2
3
1
2
1
2
1
1
2
2
1
2
0
0
0
1
0
0
0
0
1
0
0
0
3
0
0
2
0
0
1
0
0
0
0
0
0
0
0
0
0
0
0
0
0
0
0
0
0
0
0
0
0
0
0
48
10
7
6
10
14
21
24
31
35
38
43
58
96
132
173
184
164
163
164
139
141
106
114
95
86
78
66
69
73
63
78
53
37
49
66
57
51
49
55
43
36
47
71
52
81
52
59
55
54
58
69
62
56
58
66
53
62
59
57
58
53
46
56
63
70
64
69
71
61
77
85
75
87
93
95
124
132
129
146
143
159
161
166
174
165
155
157
154
178
169
156
198
177
191
204
185
244
230
225
239
255
273
335
426
489
694
1793
3469
5344
5016
5959
1087
363
256
175
140
119
140
132
122
112
127
108
106
119
123
120
115
146
137
138
123
139
148
172
185
192
193
203
230
194
168
202
173
199
184
193
195
185
191
197
223
162
188
207
186
201
195
201
206
213
211
203
168
175
152
148
137
94
94
114
101
98
67
66
42
47
39
24
21
12
6
1
2
0
4
0
1
1
4
1
2
1
1
5
0
1
0
2
6
2
4
7
1
3
1
3
2
2
5
0
3
2
2
4
5
4
3
4
5
2
4
4
5
3
8
4
5
8
5
7
8
11
7
11
9
6
12
8
7
4
7
0
1
1
5
1
1
0
4
0
1
0
1
1
26
6
3
15
11
18
19
26
58
77
97
141
160
210
181
157
130
145
93
92
77
68
91
61
79
72
80
61
59
53
68
51
63
58
43
43
26
40
40
43
34
38
36
30
33
25
26
38
43
31
43
35
52
59
43
40
51
54
55
60
54
65
65
72
65
53
61
60
57
68
81
78
73
69
91
99
116
105
112
146
138
167
164
155
172
206
220
233
231
253
301
371
927
2121
3008
3037
3581
3056
6262
1883
429
181
121
118
110
109
106
107
99
93
84
101
98
93
92
75
85
88
86
96
103
106
111
104
119
100
130
111
129
145
123
125
119
113
107
113
103
108
98
101
114
101
129
108
139
121
149
138
152
155
144
173
160
153
186
165
171
210
184
225
230
233
257
224
211
228
225
219
211
170
163
186
183
202
225
224
207
231
218
223
197
200
160
181
162
141
124
72
73
66
53
31
18
11
8
3
6
1
2
1
3
3
1
1
5
6
2
3
1
3
0
2
4
7
2
4
2
2
6
6
5
5
9
6
6
18
12
9
8
4
9
2
3
4
4
5
2
6
4
2
0
2
1
3
1
1
2
1
0
1
0
1
1
1
0
0
0
0
0
0
0
0
0
0
0
0
0
0
0
0
0
0
0
0
0
0
0
0
1
0
0
3
1
0
2
1
5
10
15
20
13
33
35
53
54
78
98
109
88
94
99
116
105
94
93
87
71
76
95
60
64
60
66
60
49
41
47
43
50
44
48
36
42
37
44
42
31
39
26
25
18
31
40
32
25
24
31
35
27
29
41
44
80
182
194
496
1638
2355
1512
1626
2974
2278
4839
1318
2189
1932
658
413
295
214
203
187
141
154
149
124
120
107
99
99
105
131
139
133
102
90
101
91
81
107
75
113
85
86
85
75
88
78
83
59
73
75
53
66
69
49
44
43
29
37
24
35
35
31
31
39
32
21
26
42
38
41
47
39
61
36
59
52
59
47
63
59
66
77
74
89
71
89
95
96
72
91
85
110
95
91
104
119
104
121
122
138
135
147
175
168
173
151
167
137
159
165
168
184
201
193
249
245
274
255
292
322
300
322
353
341
394
368
277
342
354
322
291
328
351
349
324
269
278
258
264
209
153
96
51
40
20
9
8
12
5
4
4
4
4
1
3
1
4
5
2
1
7
4
1
3
1
2
2
2
2
8
136
24
34
42
41
46
58
65
78
98
113
123
151
141
162
180
197
206
203
213
261
285
290
331
350
419
455
451
462
505
507
497
511
501
529
604
587
579
648
662
657
785
716
810
868
926
948
1090
1079
1122
1211
1155
1234
1206
1095
990
948
828
757
611
589
448
447
362
299
297
288
257
235
198
216
184
179
156
163
160
158
160
153
155
114
115
128
119
124
132
135
105
101
116
133
120
109
108
137
104
137
110
114
143
119
116
148
118
159
143
178
211
241
338
394
431
624
500
260
176
172
155
102
121
79
92
92
72
67
74
74
60
67
57
64
76
62
65
55
70
51
47
51
41
31
28
28
25
32
28
32
31
28
32
19
25
32
28
20
23
34
25
25
33
18
25
25
22
31
30
24
23
20
20
14
22
19
15
14
22
14
10
11
4
10
4
5
4
2
9
7
7
1
2
0
0
1
2
1
2
0
3
8
4
4
2
1
3
5
3
4
1
1
3
0
1
3
1
0
8
2
5
5
2
3
3
3
1
0
5
5
0
1
2
2
3
4
3
0
4
0
2
0
0
2
0
2
1
3
1
2
2
3
0
2
1
0
1
0
0
157
36
45
36
62
66
84
94
105
119
149
151
182
174
170
165
180
201
236
258
260
297
334
389
428
468
464
472
439
511
489
511
512
561
541
624
644
707
710
703
808
864
889
931
1011
1039
1085
1067
1059
1075
983
918
839
866
768
752
629
520
530
471
445
423
385
369
361
336
337
339
316
250
227
180
206
181
157
182
155
167
167
168
162
149
167
152
141
182
142
155
148
155
162
159
172
193
166
224
259
321
363
433
624
438
229
225
184
125
111
74
91
89
82
67
67
99
88
83
89
78
82
86
63
78
72
78
79
73
83
82
64
96
72
56
77
79
74
74
76
75
71
79
76
59
48
75
76
51
50
66
58
51
48
49
41
45
24
28
26
29
33
28
25
31
26
22
22
21
29
21
26
31
34
34
19
21
18
38
17
29
15
26
14
17
23
14
20
14
8
12
9
7
9
1
7
2
1
2
2
4
4
1
2
1
2
0
2
1
1
1
1
1
5
3
1
5
2
1
0
5
2
0
3
1
2
2
3
2
4
3
4
1
3
0
2
0
0
3
0
1
5
1
1
1
1
1
1
1
0
1
1
3
1
3
4
2
0
0
0
0
0
0
0
0
0
0
0
0
0
0
0
0
0
0
0
0
1
0
2
0
0
1
7
8
8
12
15
10
8
17
23
23
23
38
33
43
32
48
45
40
49
54
49
63
59
73
62
74
76
79
77
91
116
119
117
126
125
146
132
153
141
165
137
172
145
169
166
147
190
197
165
168
186
173
171
195
208
205
179
189
197
209
186
189
194
224
195
232
249
243
256
259
290
356
420
482
607
563
623
558
409
325
275
264
220
203
237
208
225
232
226
220
225
227
248
277
322
304
322
323
339
343
329
351
365
325
335
327
334
328
362
365
309
330
315
316
346
322
332
343
344
388
398
410
411
409
463
458
519
515
505
507
537
556
478
528
520
520
496
506
452
491
527
480
436
465
413
444
339
338
300
312
282
281
243
212
199
185
196
171
149
145
154
154
141
137
157
135
114
125
144
116
118
124
130
110
121
106
104
102
96
103
98
88
85
68
59
76
55
74
62
72
60
62
58
61
66
45
37
63
48
40
40
53
42
42
31
52
41
36
48
42
33
28
44
28
18
25
25
21
15
15
16
20
20
17
11
11
9
7
12
5
1
51
13
5
7
10
11
13
25
27
32
42
74
82
130
145
216
212
293
299
340
360
369
393
391
453
455
486
539
568
590
592
656
650
710
791
952
1034
1075
1220
1319
1362
1456
1494
1549
1526
1445
1409
1391
1297
1108
1044
949
915
778
634
590
514
465
392
376
331
297
293
274
305
258
234
231
194
219
228
170
188
173
172
155
155
152
161
134
129
138
129
127
128
106
100
102
101
121
122
120
100
103
109
119
108
115
111
89
120
115
141
151
183
202
223
250
227
203
165
116
81
53
43
29
43
34
24
29
30
33
26
28
30
20
25
22
19
10
23
17
16
10
11
14
6
7
12
6
12
4
4
7
5
7
4
6
5
4
8
4
4
4
4
1
0
2
2
1
0
0
0
0
0
1
0
0
0
0
0
0
0
0
0
0
0
0
0
0
0
0
0
0
0
0
0
0
0
0
0
0
0
0
0
0
0
0
0
0
0
0
0
0
0
0
0
0
0
0
0
0
0
0
0
0
0
0
0
0
0
0
0
0
0
0
0
0
0
0
0
0
0
0
0
0
0
0
0
0
0
0
0
0
0
0
0
0
0
0
0
0
0
0
0
0
0
4
2
7
4
5
8
16
28
37
49
58
106
142
163
191
211
226
248
260
281
274
325
367
395
408
451
470
542
621
595
643
794
866
1043
1083
1313
1349
1384
1514
1484
1508
1551
1558
1363
1334
1258
1103
1052
945
809
711
696
618
545
466
439
345
400
363
313
278
294
302
309
253
274
241
267
232
255
219
238
202
208
204
196
192
187
185
192
171
181
150
168
175
188
183
197
195
198
246
258
295
287
288
228
196
137
95
69
54
62
67
71
60
55
64
48
41
39
46
37
38
38
51
45
24
42
30
32
37
30
35
39
41
35
32
41
31
22
24
20
27
16
17
22
27
20
23
16
16
19
20
21
15
14
15
18
9
12
8
16
9
7
4
6
4
10
7
2
5
1
1
10
3
3
8
6
5
2
3
2
0
1
0
1
0
0
0
0
0
1
0
0
0
0
0
0
0
0
0
0
0
0
0
0
0
0
0
0
0
0
0
0
0
0
0
0
0
0
0
0
0
0
0
0
0
0
0
0
0
0
0
0
0
0
0
0
0
0
0
0
0
0
0
0
0
0
0
0
0
0
0
0
0
0
0
0
0
0
0
0
0
0
0
0
0
0
0
0
0
0
0
0
0
0
0
0
0
0
0
0
0
0
0
0
0
1
0
0
3
1
1
1
14
19
12
23
51
36
41
48
53
58
82
96
95
106
146
140
139
118
134
138
149
148
171
167
201
226
215
239
212
260
228
246
222
280
210
255
221
248
285
273
227
296
298
298
315
311
336
337
307
347
357
352
341
333
335
337
354
368
325
357
361
397
441
433
476
504
445
466
413
355
317
317
268
282
308
272
286
282
287
287
333
342
369
348
391
358
440
423
449
487
479
531
534
563
523
527
608
542
541
584
555
563
523
609
556
555
519
522
524
521
529
498
518
528
445
488
454
473
376
421
412
380
302
329
293
270
251
204
205
192
177
178
172
144
148
140
115
98
98
86
66
89
82
95
75
62
58
59
46
57
50
58
59
50
51
59
54
53
50
30
39
48
41
42
42
43
49
36
32
42
36
40
41
34
24
35
36
30
26
25
32
26
30
22
19
19
17
20
16
9
7
13
11
8
16
4
3
8
4
4
9
6
4
4
3
4
2
1
3
3
0
2
3
0
0
0
0
0
0
0
0
0
1
0
0
0
0
0
