0
0
0
0
0
0
0
0
0
0
0
0
0
0
0
1
0
0
0
0
0
0
0
0
0
0
0
0
0
0
0
0
0
0
0
0
1
1
0
0
1
0
1
2
0
0
0
0
0
0
0
1
0
0
1
0
2
1
1
0
1
2
0
1
6
2
3
3
4
1
1
0
1
3
2
0
3
3
3
0
4
8
9
7
4
8
3
4
4
5
8
4
6
10
7
4
2
2
0
3
1
5
6
2
2
3
4
2
3
1
0
2
1
3
1
3
4
2
3
1
3
1
1
1
3
2
3
5
0
1
0
1
2
0
2
0
1
3
2
0
0
0
1
0
0
6
3
0
4
3
2
3
1
1
1
1
1
0
1
1
0
1
0
2
1
2
1
2
2
1
3
2
3
0
1
2
1
4
4
5
7
6
3
2
8
11
9
12
17
86
305
778
1753
3486
5025
5998
6159
6256
6043
5781
4523
2912
1186
319
100
34
1
0
0
0
0
0
0
0
0
0
0
0
0
0
0
0
0
0
0
0
0
0
0
0
0
0
0
0
0
0
0
0
0
0
0
0
0
0
0
0
0
0
0
0
0
0
0
0
0
0
0
0
0
0
0
0
0
0
0
0
0
0
0
0
0
0
0
0
0
0
0
0
0
0
0
0
0
0
0
0
0
0
0
0
0
0
0
0
0
0
2
1
0
0
0
2
1
2
0
0
2
2
3
0
0
2
2
3
1
1
0
0
1
0
0
0
0
0
0
0
0
0
0
0
1
3
0
0
0
0
0
1
0
0
0
0
0
1
0
0
0
0
0
0
0
0
0
1
0
0
1
0
0
2
0
1
1
0
1
1
0
1
0
1
0
0
1
0
0
0
0
0
2
1
0
2
3
0
3
2
2
4
15
68
386
1638
3614
5393
6372
6255
5739
5166
4815
4456
3659
2115
872
270
50
11
3
4
1
0
3
4
8
2
4
7
5
3
2
5
5
3
3
3
5
9
4
4
3
5
4
2
7
6
7
6
5
5
3
4
5
0
1
2
4
3
4
1
0
0
0
0
1
0
0
0
0
0
0
0
0
0
0
0
0
0
0
0
0
0
0
0
0
0
0
0
0
0
0
0
0
0
0
0
0
0
0
0
0
0
0
0
0
0
0
0
0
0
0
0
0
0
0
0
0
0
0
0
0
0
0
0
0
0
0
0
0
0
0
0
0
0
0
0
0
0
0
0
0
0
0
0
0
0
0
0
0
0
0
1
0
0
0
0
0
1
2
0
1
1
0
0
2
1
2
0
0
0
2
0
1
2
1
1
0
1
2
1
2
4
1
0
0
0
0
0
0
0
0
0
0
0
0
0
0
0
0
0
1
7
32
86
292
706
1482
2638
4067
5936
7984
8773
7939
5527
3061
1437
563
153
62
28
9
7
11
10
3
6
5
7
5
4
10
6
2
13
5
6
3
4
3
4
2
1
2
1
4
2
0
0
1
1
1
2
2
1
2
1
2
0
0
2
1
1
0
1
0
0
2
1
1
0
1
0
2
1
1
3
1
2
2
1
1
2
2
1
3
2
2
1
2
1
0
0
1
2
1
1
0
2
1
2
1
2
1
7
3
1
4
3
4
3
2
2
2
2
3
2
2
5
3
1
3
5
5
5
2
2
2
0
3
4
4
3
5
2
2
0
3
2
4
2
1
1
3
3
0
0
0
0
0
0
0
0
0
0
0
0
0
0
0
0
0
0
0
0
0
0
0
0
0
0
0
0
0
0
0
0
0
0
0
0
211
18
28
31
23
23
30
35
50
40
44
41
41
55
56
58
62
68
58
72
76
82
88
116
117
143
188
211
257
289
389
479
479
512
595
635
698
684
676
614
516
552
531
519
493
502
415
391
383
413
378
398
335
317
297
339
298
302
363
334
349
325
311
330
327
353
402
399
466
480
529
561
567
628
649
702
736
785
838
744
733
733
701
679
677
642
651
573
484
431
358
355
319
228
194
178
156
162
122
147
114
120
76
93
86
81
63
100
92
79
67
63
57
65
80
62
59
84
65
62
72
84
88
73
75
79
70
79
62
46
67
47
49
53
44
43
30
39
34
24
28
25
28
18
27
20
20
26
18
26
22
15
13
18
17
14
13
17
5
11
7
10
8
11
7
11
7
12
6
19
6
8
8
14
11
11
20
24
21
38
34
38
30
39
44
52
54
71
117
269
633
1389
1833
2306
2338
1476
754
327
161
97
94
70
30
19
12
8
5
2
0
0
0
0
0
0
0
0
0
0
0
0
0
0
0
0
0
0
0
0
0
0
0
0
0
0
0
0
0
0
0
0
0
0
0
0
0
0
0
0
0
0
0
0
0
0
0
0
0
2
2
6
5
6
13
8
5
15
25
16
26
40
54
55
80
93
103
139
176
212
240
243
271
373
423
547
532
451
418
379
345
314
320
349
374
375
430
438
441
486
435
383
403
353
344
295
313
279
275
219
257
254
240
254
221
170
146
131
109
81
91
81
75
87
79
66
89
81
62
74
72
80
68
85
79
80
84
72
71
81
70
79
84
80
84
104
83
91
92
100
103
104
84
96
84
96
82
67
87
77
80
109
88
133
115
161
143
138
168
117
124
142
121
107
103
87
76
78
68
61
50
50
69
66
54
55
67
57
70
79
117
175
479
1402
2862
3148
2267
1153
504
254
164
172
176
159
104
101
72
72
79
67
82
78
103
82
95
88
93
97
115
115
113
103
127
131
127
141
161
151
149
182
182
172
206
204
189
204
195
228
220
201
223
234
239
243
232
258
257
279
308
396
449
554
548
581
630
632
652
529
526
487
475
501
582
574
594
482
321
256
206
155
82
81
52
53
42
35
38
45
41
28
35
29
30
21
21
18
19
16
9
11
7
3
1
2
1
1
0
0
2
1
0
0
0
0
0
0
0
0
0
0
0
0
0
0
23
6
6
3
11
4
10
11
14
42
28
39
46
69
88
109
123
131
190
198
199
192
179
169
175
178
187
187
219
187
201
204
227
221
206
213
207
236
249
240
242
277
293
297
282
296
325
312
309
271
283
289
294
262
201
240
184
196
196
212
200
214
216
220
155
140
119
113
113
93
94
82
98
70
79
69
70
63
61
76
63
104
189
498
1424
2903
3165
2225
1082
506
308
211
177
112
80
94
77
57
62
71
67
80
54
65
68
82
95
114
118
122
77
88
102
69
87
76
66
77
69
77
48
50
44
67
40
50
52
43
38
50
55
54
64
62
59
73
70
88
95
142
142
140
189
155
128
96
85
80
66
61
56
45
59
54
37
56
43
52
67
76
74
79
84
82
72
74
72
78
50
42
26
38
42
40
54
45
64
61
58
65
53
67
74
53
82
85
69
85
83
76
115
97
96
126
133
137
150
148
138
162
180
183
198
224
244
220
239
241
246
264
266
282
297
339
325
349
355
373
434
501
583
671
786
796
836
861
951
975
976
789
702
583
382
275
176
126
90
103
82
56
49
54
42
40
43
33
32
21
31
25
19
24
23
15
15
41
19
2
3
3
4
1
3
8
4
4
13
4
8
4
6
11
7
12
13
14
11
24
15
33
27
41
32
35
63
55
49
63
60
67
64
64
91
76
84
91
116
98
80
100
88
90
66
75
70
66
66
56
73
65
77
69
82
81
97
103
109
136
155
183
184
177
214
172
146
127
106
102
104
95
84
115
110
128
84
77
74
83
53
65
52
37
39
34
32
29
20
16
33
25
13
29
18
24
16
17
18
24
21
20
13
22
12
20
22
24
19
27
19
31
27
26
29
21
19
28
30
28
25
21
20
23
15
13
10
13
14
10
13
7
11
6
9
9
15
8
11
13
11
4
12
6
4
4
0
6
3
3
7
7
4
3
4
5
3
3
2
4
5
4
5
4
5
2
7
8
8
3
4
11
11
10
13
15
28
20
21
23
18
23
21
27
30
35
72
120
343
979
2148
3862
5244
5358
5434
5466
5079
4282
3072
1605
630
227
69
11
6
5
2
1
0
0
0
0
0
0
0
0
0
0
0
0
0
0
0
0
0
0
0
0
0
0
0
0
0
0
0
0
0
0
0
0
0
0
0
0
0
0
0
0
0
0
0
0
0
0
0
0
0
0
0
0
0
0
0
0
1
1
0
1
1
5
8
7
15
11
23
35
33
39
66
79
56
71
89
83
78
93
103
113
89
94
92
93
105
77
81
74
72
60
56
53
39
48
38
35
41
30
33
33
30
31
33
29
34
22
40
31
27
27
31
27
31
42
35
48
39
43
53
42
54
36
32
29
28
43
30
21
32
29
32
35
32
28
24
21
20
19
16
15
14
19
14
17
14
18
19
17
17
14
13
12
12
18
13
8
18
9
11
6
9
17
11
12
11
8
16
11
12
16
16
12
12
19
11
16
25
30
60
215
854
2735
4889
6292
6007
5406
4993
4754
3971
2627
1237
448
121
60
41
28
30
41
32
27
42
34
42
30
30
44
34
36
41
45
54
35
52
55
36
56
67
70
53
56
76
84
64
82
76
67
59
68
73
55
43
60
55
65
47
67
64
58
61
50
32
35
25
20
19
11
13
6
6
6
5
3
5
5
3
1
0
4
6
9
5
4
4
3
2
1
0
0
0
0
0
0
1
0
0
0
0
0
0
0
0
0
0
0
0
0
0
0
0
0
0
0
0
0
0
0
0
0
0
0
0
0
1
2
2
2
0
5
5
6
18
22
33
24
58
51
65
80
84
84
69
73
62
59
63
53
49
51
61
60
67
73
73
71
65
69
75
74
57
93
80
76
90
92
93
74
74
83
65
58
69
59
40
48
26
28
24
28
28
27
22
21
15
15
13
12
10
10
11
9
10
9
6
19
14
7
19
15
12
13
16
21
25
49
134
556
1860
3840
5452
6135
6541
6462
5822
4300
2108
771
203
82
47
27
30
26
28
19
11
17
31
22
16
18
31
21
21
16
20
17
10
7
8
13
8
4
6
7
9
3
6
10
7
8
9
5
6
6
7
10
9
12
10
4
6
8
7
6
8
9
14
12
8
10
19
9
8
8
15
8
10
11
18
10
14
9
13
11
18
16
16
15
12
14
17
14
14
16
26
27
29
22
21
22
21
31
35
24
35
26
32
27
31
28
25
33
25
36
36
44
40
39
42
37
47
53
56
52
50
61
86
75
83
74
102
106
94
84
48
76
69
65
52
68
83
86
82
53
42
29
19
14
9
9
7
4
6
2
4
3
2
3
3
5
5
3
2
8
7
3
3
1
1
0
1
1
0
0
0
0
0
0
0
0
0
0
0
0
0
0
0
0
0
0
0
0
0
0
0
0
0
0
0
0
0
0
0
0
0
0
0
0
0
0
0
0
0
0
0
0
0
0
0
0
0
0
0
0
0
0
0
0
0
0
0
0
0
0
0
0
0
0
0
0
0
0
0
0
0
0
0
0
0
0
0
0
0
0
0
0
0
0
0
0
0
0
0
0
0
0
0
0
0
0
0
0
0
0
0
0
0
0
0
0
0
0
0
0
0
0
0
0
0
0
0
0
0
0
0
0
0
0
0
0
0
0
0
0
0
0
0
0
0
0
0
0
0
0
0
0
0
0
0
0
0
0
0
0
0
0
0
0
0
0
0
0
0
0
0
0
0
0
0
0
0
0
0
0
0
0
0
0
0
0
0
0
0
0
0
0
0
0
0
0
0
0
0
0
0
0
0
0
0
0
0
0
0
1
4
46
212
750
2135
4430
6375
7295
7712
7594
6536
4670
2378
748
178
45
9
2
0
0
0
0
0
0
0
0
0
0
0
0
0
0
0
0
0
0
0
0
0
0
0
0
0
0
0
0
0
0
0
0
0
0
0
0
0
0
0
0
0
0
0
0
0
0
0
0
0
0
0
0
0
0
0
0
0
0
0
0
0
0
0
0
0
0
0
0
0
0
0
0
0
0
0
0
0
0
0
0
0
0
0
0
0
0
0
0
0
0
0
0
0
0
0
0
0
0
0
0
0
0
0
0
0
0
0
0
0
0
0
0
0
0
0
0
0
0
0
0
0
0
0
0
0
0
0
0
0
0
0
0
0
0
0
0
0
0
0
0
0
0
0
0
0
0
0
0
0
0
0
0
0
0
0
0
0
0
0
0
0
0
0
0
0
0
0
0
0
0
0
0
0
0
0
0
0
0
0
0
0
1
1
16
102
471
1406
2902
4092
5275
5891
6148
5902
5631
5162
4071
2619
1070
286
60
13
1
0
0
0
0
0
0
0
0
0
0
0
0
0
0
0
0
0
0
0
0
0
0
0
0
0
0
0
0
0
0
0
0
0
0
0
0
0
0
0
0
0
0
0
0
0
0
0
0
0
0
0
0
0
0
0
0
0
0
0
0
0
0
0
0
0
0
0
0
0
0
0
0
0
0
0
0
0
0
0
0
0
0
0
0
0
0
0
0
0
0
0
0
0
0
0
0
0
0
0
0
0
0
0
0
0
0
0
0
0
0
0
0
0
0
0
0
0
0
0
0
0
0
0
0
0
0
0
0
0
0
0
0
0
0
0
0
0
0
0
0
0
0
0
0
0
0
0
0
0
0
0
0
0
0
0
0
0
0
0
0
0
0
0
0
0
0
0
0
0
0
0
0
0
0
0
0
0
0
1
19
108
527
1790
3861
7026
10153
11085
8798
5098
1906
554
154
36
4
0
0
0
0
0
0
0
0
0
0
0
0
0
0
0
0
0
0
0
0
0
0
0
0
0
0
0
0
0
0
0
0
0
0
0
0
0
0
0
0
0
0
0
0
0
0
0
0
0
0
0
0
0
0
0
0
0
0
0
0
0
0
0
0
0
0
0
0
0
0
0
0
0
0
0
0
0
0
0
0
0
0
0
0
0
0
0
0
0
0
0
0
0
0
0
0
0
0
0
0
0
0
0
0
0
0
0
0
0
0
0
0
0
0
0
0
0
0
0
0
0
0
0
0
0
0
0
0
0
0
0
0
0
0
0
0
0
0
0
0
0
0
0
0
0
0
0
0
0
0
0
0
0
0
0
0
0
0
16
2
7
3
6
3
9
12
10
20
19
19
25
48
46
51
62
74
70
101
93
110
122
115
121
148
163
162
168
209
246
280
279
331
345
333
337
315
263
226
220
209
171
175
168
177
123
160
155
145
157
173
195
227
204
229
165
203
176
155
147
158
158
125
137
125
128
119
128
132
138
150
137
120
114
120
103
94
85
62
72
83
46
56
36
39
47
41
37
31
43
39
45
44
35
41
50
46
38
50
44
48
56
40
35
39
30
43
40
41
43
48
43
50
52
54
49
45
67
61
52
47
43
38
24
38
31
24
18
13
7
10
8
9
10
14
8
7
5
6
7
5
5
2
3
4
1
6
4
3
3
8
3
5
6
2
3
2
11
6
4
7
4
4
2
5
3
9
4
11
7
4
5
3
12
8
14
10
8
14
19
21
23
30
24
32
45
37
33
44
57
60
75
105
104
153
190
269
443
984
1912
3621
5638
7178
6970
4961
2866
1245
339
75
22
14
3
0
0
1
2
1
0
0
0
0
0
0
0
0
1
0
0
0
0
0
0
0
0
0
0
0
0
0
0
0
0
0
0
0
0
0
0
0
0
0
0
1
0
0
2
2
2
5
4
6
15
19
19
18
40
31
44
62
83
122
133
164
176
214
228
243
229
280
240
240
289
297
302
262
233
216
179
187
184
178
167
167
132
124
128
99
108
108
117
115
103
104
101
109
116
120
103
101
120
93
83
87
86
72
72
75
69
64
77
94
69
64
52
50
53
78
41
64
67
61
58
57
54
77
66
73
62
77
69
87
83
87
105
104
103
91
89
66
73
78
61
54
67
75
49
65
55
47
57
63
34
40
44
39
44
31
32
29
24
17
22
20
23
35
30
17
24
24
35
28
23
28
29
22
30
36
30
22
38
47
33
44
56
82
92
115
186
280
504
905
1520
2138
2822
3451
3999
4679
5585
5494
3958
1779
571
147
65
73
65
55
49
60
69
82
74
69
65
57
38
36
28
23
12
10
5
3
4
1
2
2
1
3
1
1
1
0
2
1
0
1
1
2
0
0
1
1
2
0
0
0
0
0
0
0
0
1
0
0
0
0
1
0
0
1
0
1
0
0
0
0
0
0
0
0
0
0
0
0
0
0
0
0
0
0
0
0
0
0
0
0
0
0
0
0
0
0
0
0
0
0
0
1
0
0
46
7
11
12
16
15
29
41
48
70
92
93
121
154
197
226
241
240
226
240
200
194
199
179
178
172
167
167
156
156
173
154
160
151
143
141
98
106
93
100
74
72
79
56
59
56
54
63
61
48
58
50
46
42
52
48
54
53
45
51
49
38
43
46
45
34
45
50
37
37
41
28
32
29
39
37
38
42
39
47
36
55
80
95
105
161
337
1039
2855
6271
9661
8856
5362
2036
666
264
173
107
98
104
87
61
56
57
74
56
64
55
56
83
66
75
58
60
61
73
45
65
54
48
39
39
28
32
27
30
34
38
41
47
38
52
74
75
83
100
105
88
84
79
48
48
25
30
31
28
30
16
27
23
42
30
39
39
32
33
36
30
27
34
40
20
28
32
32
24
22
29
19
21
27
23
24
28
21
25
21
26
26
37
22
30
34
32
52
53
50
41
52
62
68
84
89
104
95
101
106
93
90
93
79
96
68
70
36
49
43
34
37
38
20
23
16
9
5
10
14
13
9
12
7
5
5
2
5
2
1
0
1
2
0
0
0
0
1
0
2
0
1
0
0
0
1
1
0
0
0
0
1
0
0
0
0
0
0
1
0
0
0
0
0
0
0
0
0
0
0
0
0
0
0
0
0
0
0
0
1
0
0
2
1
0
1
2
0
0
1
1
2
7
5
6
7
10
4
9
12
15
19
15
10
9
12
8
8
9
9
3
7
10
5
7
2
4
5
5
4
2
5
4
2
2
6
4
2
2
4
1
1
1
3
3
2
2
1
1
4
1
1
3
0
0
0
0
0
0
1
1
0
0
0
1
0
0
0
0
3
0
1
0
0
0
1
0
0
0
0
1
1
0
1
0
0
0
0
0
1
1
1
1
0
0
0
2
0
0
0
0
0
1
0
0
0
0
0
0
0
0
1
1
0
0
0
0
1
1
0
0
1
0
0
1
1
0
1
0
1
0
0
1
0
0
1
2
0
0
3
1
1
0
1
1
4
2
2
3
3
4
3
7
2
6
4
6
8
7
9
9
21
22
28
41
82
230
562
1554
3759
6434
8211
8796
8022
6130
3970
2073
802
164
33
13
2
0
0
0
0
0
0
0
0
0
0
0
0
0
0
0
0
0
0
0
0
0
0
0
0
0
0
0
0
0
0
0
0
0
0
0
0
0
0
0
0
0
0
0
0
0
0
0
0
0
0
0
0
0
0
0
0
0
0
0
0
0
0
0
0
0
0
0
0
0
0
0
0
2
2
3
2
2
5
0
2
5
6
4
1
5
1
0
2
2
1
3
7
10
5
6
6
12
3
6
16
7
15
18
10
10
13
8
9
8
8
8
9
4
2
6
2
3
1
2
1
2
2
2
1
2
2
1
1
3
1
2
1
1
2
3
2
4
1
3
0
1
2
0
1
0
0
1
1
0
1
0
0
0
0
1
0
3
0
0
0
0
1
0
0
1
0
0
1
0
0
0
0
1
3
2
3
4
2
4
5
6
14
16
60
233
823
2294
3439
3784
4092
4282
4409
4849
5090
5139
4891
3959
2457
919
224
41
2
0
0
0
0
0
0
0
0
0
0
0
0
0
0
0
0
0
0
0
0
0
0
0
0
0
0
0
0
0
0
0
0
0
0
0
0
0
0
0
0
0
0
0
0
0
0
0
0
0
0
0
0
0
0
0
0
0
0
0
0
0
0
0
0
0
0
0
0
0
0
0
0
0
0
0
0
0
0
0
0
0
0
0
0
0
0
0
0
0
0
0
0
0
0
0
0
0
0
0
0
0
0
1
0
1
2
6
8
1
8
3
5
6
5
8
7
8
2
7
6
9
6
3
8
5
13
8
13
9
9
10
14
12
6
9
12
5
10
6
4
2
2
0
5
4
1
2
3
2
0
1
1
3
3
0
2
3
4
2
1
2
2
1
2
0
0
0
1
0
0
1
2
1
1
0
2
0
1
6
1
5
8
40
189
847
2815
7119
11887
13046
9131
4222
1277
348
49
8
4
3
3
3
4
3
2
2
7
4
4
2
0
5
0
1
2
1
0
0
0
0
0
0
0
0
0
0
0
0
0
0
0
0
0
0
0
0
0
0
0
0
0
0
0
0
0
0
0
0
0
0
0
0
0
0
0
0
0
0
0
0
0
0
0
0
0
0
0
0
0
0
0
0
0
0
0
0
0
0
0
0
0
0
0
0
0
0
0
0
0
0
0
0
0
0
0
0
0
0
0
0
0
0
0
0
0
0
0
0
0
0
0
0
0
0
0
0
0
0
0
0
0
0
0
0
0
0
0
0
0
0
0
0
0
0
0
0
0
0
0
0
0
0
0
0
0
0
0
0
0
0
0
0
0
0
0
0
