21882
4046
4462
4376
4118
4050
3700
3655
3411
3452
3164
3670
3603
3438
3853
6829
10675
13063
15988
16447
21541
24191
14879
8161
2239
1504
1133
996
852
739
727
648
623
599
588
595
529
569
584
532
535
587
541
545
560
545
551
537
519
524
542
555
532
554
558
545
575
542
514
546
579
526
509
543
571
624
542
573
613
614
611
649
652
763
811
792
749
753
853
859
850
889
861
983
924
876
930
970
955
988
1021
1043
1041
1063
1056
1006
1038
1030
1072
1057
962
889
890
874
786
803
727
688
632
627
565
518
500
499
470
430
415
428
405
365
392
405
388
383
350
358
337
348
341
341
346
360
344
334
302
354
391
351
347
337
323
302
276
246
234
242
219
205
213
200
192
175
207
144
146
161
168
151
137
119
113
123
94
89
88
83
102
89
87
98
93
91
107
105
102
108
104
97
109
123
93
111
85
106
72
79
73
59
69
63
54
51
32
37
58
59
42
70
45
52
65
47
43
56
46
46
48
31
32
40
37
28
33
36
36
42
24
33
49
34
38
35
39
36
32
40
37
38
31
30
30
39
34
30
39
20
26
31
18
22
32
29
24
15
13
17
9
19
4
5
12
8
8
3
2
15
4691
2078
1866
2071
1920
1696
1508
2002
2379
2440
2308
2348
2817
4232
6080
7944
10395
10797
12488
22917
28292
16512
7578
2718
1442
1053
907
887
822
763
774
714
746
795
819
860
844
829
792
818
797
835
821
877
894
958
999
1055
1133
1127
1106
1126
1082
1108
1073
1027
979
966
986
958
1004
1077
954
1030
996
1067
1075
1150
1108
1133
1203
1188
1270
1224
1302
1316
1298
1381
1284
1242
1152
1152
1077
1059
1024
1095
947
1003
939
933
956
956
956
971
897
917
838
752
755
794
761
760
734
729
783
687
757
781
739
785
792
809
816
867
888
961
866
899
916
985
945
1007
967
1024
1012
997
994
963
949
944
920
954
966
926
898
860
943
881
849
835
832
842
840
830
783
814
776
710
659
645
593
588
556
518
518
482
452
419
395
354
357
295
263
304
271
244
232
201
185
210
182
177
154
169
156
141
136
165
162
164
155
153
167
155
179
153
142
172
153
126
133
142
127
89
105
116
92
82
81
85
72
74
65
65
76
54
64
62
58
52
47
54
45
51
39
30
41
41
34
36
45
34
57
36
32
32
33
37
26
27
27
20
24
18
16
17
12
13
10
9
7
4
6
2
5
1
5
5
1
1
1
0
1
0
1
1
18861
7108
8120
8208
7273
5779
4835
4021
3916
4249
3956
4308
5735
7786
12407
23360
30690
20710
10616
5010
2957
1569
914
682
507
458
362
344
332
306
291
294
280
247
272
262
276
274
275
265
286
302
260
251
266
273
244
257
208
237
249
232
263
235
293
258
252
285
290
285
293
291
272
289
257
298
279
278
298
262
253
327
298
302
285
281
290
310
268
283
250
252
267
250
277
241
277
268
270
267
259
246
275
226
296
284
251
265
282
312
261
253
260
299
309
309
305
290
343
348
354
350
350
384
378
350
362
358
396
374
381
379
392
414
453
440
461
421
427
405
434
408
450
423
445
454
455
445
455
453
467
514
498
517
494
527
527
529
526
590
569
622
594
614
642
627
684
681
724
692
721
761
706
716
713
735
750
701
707
738
682
711
687
698
665
665
601
689
701
620
653
657
590
617
619
653
683
649
646
613
606
610
644
611
634
697
691
685
649
687
677
652
650
652
670
571
582
568
538
506
510
469
472
454
405
340
359
294
326
287
299
233
245
205
211
200
196
202
162
161
150
138
136
127
94
102
103
117
93
80
90
81
60
85
84
54
62
63
58
50
56
41
27
36
30
270
