13458
1769
2268
2344
2803
3094
3353
3812
4044
4587
4064
4220
4352
4739
4559
4846
5155
5544
5459
5162
4956
4767
4624
4343
4283
4113
4045
3944
3541
3519
3399
3508
3471
3330
3086
2858
2996
2540
2432
2359
2449
2321
2132
2216
1999
1731
1681
1658
1560
1562
1631
1646
1590
1524
1527
1411
1494
1468
1381
1456
1377
1341
1356
1393
1264
1257
1262
1237
1269
1249
1214
1201
1185
1106
1086
1134
1113
1101
1057
1064
1049
1042
1019
938
958
942
1022
962
901
915
905
851
937
857
840
902
806
825
800
811
735
759
717
736
698
696
713
645
630
670
647
621
636
624
566
576
561
539
504
534
520
523
538
514
493
454
469
459
481
421
398
364
406
402
390
405
403
326
325
368
360
367
303
346
295
307
312
286
292
302
305
271
266
256
236
266
247
236
228
215
226
217
215
191
191
168
178
204
183
193
199
158
171
161
164
116
140
150
141
123
126
111
115
105
116
132
117
118
96
97
105
77
95
88
108
78
81
74
94
74
86
75
70
81
70
70
65
70
55
54
51
53
61
60
61
48
26
45
40
32
50
37
39
40
39
28
25
28
43
33
36
20
17
26
24
22
26
17
16
16
13
14
8
7
14
9
9
5
8
2
7
11
4
4
0
21
3948
1851
1878
2185
2468
2738
2901
3398
3547
4165
4205
4101
4299
4420
4201
3976
3824
3778
3697
3940
3957
4082
4343
4056
4189
3997
4009
4694
4418
3982
3883
3620
3316
3060
2944
2758
2516
2853
2650
1969
1833
1736
1728
1691
1714
1640
1563
1553
1529
1549
1576
1515
1563
1527
1619
1627
1631
1704
1682
1545
1601
1607
1601
1621
1678
1585
1650
1543
1624
1564
1561
1568
1519
1481
1442
1444
1449
1408
1375
1362
1390
1357
1374
1469
1352
1379
1247
1265
1247
1212
1168
1198
1123
1075
1147
1118
1070
1023
1005
991
992
935
885
981
944
837
913
867
785
815
823
757
743
720
718
773
701
700
735
701
656
630
627
577
577
557
560
601
561
537
523
517
479
490
494
468
474
434
409
437
419
417
443
388
375
398
393
371
360
348
344
350
345
330
293
312
309
322
321
279
311
278
261
258
288
252
272
245
265
235
247
223
266
224
230
220
197
198
209
221
196
184
171
174
174
170
159
183
185
169
150
158
126
135
136
127
136
125
123
112
133
125
103
103
98
79
96
101
90
96
90
100
96
85
83
86
65
74
68
77
84
62
61
59
54
56
47
48
51
42
38
49
50
39
27
28
27
33
30
34
21
24
22
20
23
15
7
10
9
11
14
9
12
11
10
18
1700
972
722
1461
1573
1475
1928
2125
2725
3501
4400
4232
4523
4801
4520
4415
4103
4106
4100
4356
4412
4085
3770
4021
3690
3867
4049
4193
3900
4012
3742
3629
3312
2805
2490
2304
1912
1753
1610
1548
1400
1281
1281
1271
1282
1237
1186
1202
1237
1265
1283
1227
1315
1312
1269
1244
1322
1360
1334
1357
1427
1366
1464
1442
1409
1379
1413
1384
1446
1441
1395
1410
1449
1435
1430
1411
1465
1361
1388
1418
1433
1379
1392
1387
1373
1429
1357
1337
1338
1334
1386
1342
1344
1327
1301
1237
1224
1315
1223
1261
1238
1231
1237
1232
1193
1151
1074
1085
1143
1088
1077
1052
1034
989
986
994
992
952
967
968
912
942
848
837
855
778
831
777
758
745
733
716
735
712
691
698
676
663
603
630
622
613
601
586
603
574
604
581
555
550
546
542
521
548
433
498
440
473
453
476
458
423
426
413
416
403
422
434
391
374
373
359
388
359
328
344
334
302
309
317
299
298
280
284
240
284
270
255
240
242
250
249
241
213
234
209
221
196
188
212
184
202
185
178
173
159
166
170
161
142
152
158
140
143
134
144
117
120
127
130
103
109
109
88
120
95
100
87
78
91
67
79
58
86
69
73
54
63
52
68
68
46
60
51
31
47
33
48
37
33
39
25
34
32
35
248
