275
60
79
85
114
126
164
173
225
280
348
387
528
590
730
853
979
1032
1143
1213
1279
1425
1487
1567
1699
1828
1872
1904
1978
2035
2189
2203
2241
2296
2530
2720
2734
2780
2997
3047
3097
3279
3231
3313
3289
3329
3243
3300
3070
3055
3033
2908
2876
2664
2437
2232
2118
1941
1759
1538
1500
1335
1294
1256
1133
1102
1076
1012
979
1022
933
906
873
909
889
860
916
924
884
920
878
821
880
840
882
824
808
782
817
872
868
806
821
794
897
894
956
1001
1011
1116
1203
1276
2060
3322
3892
5818
6908
8166
12643
12025
12855
12552
5005
1602
1096
755
642
615
569
550
533
470
544
486
481
560
580
574
548
582
596
561
532
551
547
595
593
664
631
630
689
650
596
676
608
659
630
650
630
635
587
556
652
546
558
583
551
573
531
539
574
566
579
528
443
446
384
387
365
305
279
297
279
294
247
280
243
290
252
252
272
268
190
188
189
162
175
167
113
113
91
85
75
70
42
67
69
52
43
45
43
14
10
14
8
8
7
6
3
5
5
1
6
3
2
12
7
9
8
6
8
5
7
5
5
8
13
4
7
10
7
10
12
14
7
15
9
8
12
8
9
4
9
1
4
2
7
3
4
0
6
1
1
1
1
1
207
61
66
79
110
131
160
193
253
305
385
473
595
688
714
710
731
865
871
1007
1039
1135
1287
1419
1536
1680
1740
1776
1834
1907
1987
2142
2223
2507
2537
2853
2918
3024
3186
3108
3247
3349
3417
3178
3223
3174
3088
3010
2934
2693
2512
2476
2286
2268
2060
1956
1748
1649
1678
1510
1481
1464
1352
1375
1261
1215
1192
1217
1114
1071
1069
1004
945
1039
991
995
989
1018
1027
1078
1051
1095
1091
1127
1173
1347
1743
2146
2614
3006
5395
6406
7103
10298
7568
8151
8055
7234
11829
6688
2505
959
680
635
588
513
493
447
447
424
402
415
412
445
425
388
400
424
418
445
428
435
410
462
494
453
498
574
569
577
477
520
537
584
574
564
561
573
566
521
533
499
517
550
586
549
611
646
622
613
682
662
651
647
671
681
683
725
676
723
697
743
746
704
635
672
639
621
656
642
627
630
587
558
598
582
488
520
504
490
465
461
430
454
434
396
357
353
349
383
369
293
232
185
159
139
97
111
97
62
47
34
21
10
18
20
7
6
4
4
5
5
6
12
4
5
2
7
8
6
8
6
11
8
9
20
16
12
12
6
12
2
5
4
4
8
2
7
9
3
1
3
2
4
2
2
2
2
1
4
1
4
5
3
0
0
0
0
0
0
0
0
0
2
0
1
1
0
0
3
3
2
4
7
7
8
15
7
11
12
27
34
32
35
74
67
60
89
125
126
141
208
214
277
324
396
434
473
558
602
609
599
670
670
650
634
653
675
740
725
774
804
828
816
859
887
854
937
843
935
893
907
947
975
908
1016
1095
1072
1059
1085
1156
1134
1144
1181
1256
1237
1229
1269
1371
1810
2180
2734
3201
5275
6203
6596
9759
6876
6244
5720
7704
6872
10274
6035
6242
5718
3437
1941
1675
1395
1299
1284
1213
1167
1216
1150
1189
1099
1181
1117
1202
1162
1233
1276
1305
1316
1374
1330
1300
1301
1356
1318
1363
1295
1276
1262
1204
1343
1272
1265
1205
1191
1168
1172
1164
1099
1134
1119
1040
1145
1116
1120
1049
1062
1118
1088
1060
1075
1063
1049
1048
1034
959
1000
958
979
968
948
887
896
911
857
815
844
796
857
733
750
705
698
683
684
641
694
586
629
654
684
599
662
753
813
801
775
854
896
900
906
941
856
917
889
941
996
1039
987
990
977
1085
1117
1056
1124
1052
1068
1118
1101
1087
1042
905
1024
930
855
806
838
870
802
814
779
704
606
609
562
501
378
283
276
206
162
136
99
73
58
77
41
29
33
33
22
20
21
18
21
28
21
12
14
11
9
14
7
3
59
