246
22
38
37
33
27
42
55
64
64
76
64
74
107
108
121
131
154
141
187
181
216
225
266
266
332
384
410
488
553
685
823
820
917
1009
1038
1134
1086
1027
940
865
874
802
811
759
778
616
634
616
633
610
631
610
619
584
644
549
591
642
597
610
623
629
643
656
659
753
697
746
742
778
814
810
847
852
940
954
1012
1011
884
887
908
810
810
769
726
740
652
557
496
430
415
403
307
249
253
226
234
176
217
180
197
160
155
136
145
110
165
157
145
129
141
121
149
161
145
141
152
154
152
158
161
158
134
122
142
119
123
90
73
88
68
72
70
67
63
48
58
56
38
46
43
46
25
42
36
28
36
27
39
30
29
25
31
28
21
22
24
21
21
14
22
17
22
15
22
17
27
19
39
27
18
21
28
36
32
52
55
63
80
84
92
77
101
99
128
142
161
247
526
1347
3215
5830
9781
12739
13027
12623
12594
12500
13448
15495
19072
22070
23834
22885
18738
13384
7995
3521
988
233
72
14
2
0
1
2
1
0
0
0
0
0
0
0
0
1
0
0
0
0
0
0
0
0
0
0
0
0
0
0
0
0
0
0
0
0
0
0
0
0
0
0
1
0
0
2
4
4
11
9
12
28
27
24
33
66
48
70
103
138
182
221
264
294
364
427
490
502
562
577
692
768
915
923
798
731
691
629
616
598
621
635
640
673
643
653
665
616
551
578
525
488
452
459
433
439
377
402
400
393
386
355
296
282
244
231
197
201
180
192
216
187
180
185
183
156
201
168
189
191
187
170
168
168
194
168
178
166
186
186
205
200
222
213
217
217
213
210
189
172
196
159
169
165
160
157
159
152
173
159
209
163
219
201
186
230
159
167
181
154
141
137
119
111
121
114
90
88
91
121
108
92
102
110
98
130
151
225
484
1759
5826
11403
14883
14716
12913
11389
10538
10061
10300
10421
10313
10801
12126
13285
14559
15103
15561
15753
13629
9182
3888
1226
368
207
222
219
209
205
213
255
251
256
268
267
273
258
292
266
256
298
300
265
295
282
302
286
276
300
296
288
304
289
325
310
350
376
456
511
606
580
616
657
653
673
540
539
493
481
507
587
577
599
488
324
257
206
159
89
90
57
58
46
39
40
46
41
28
35
29
30
21
22
18
19
16
9
11
7
3
1
2
1
1
0
0
2
1
0
0
0
0
0
0
0
0
0
0
0
1
0
0
70
15
19
17
27
25
44
59
82
140
161
157
233
277
355
421
453
463
492
519
463
452
447
410
408
404
423
420
455
424
460
438
461
452
440
440
369
445
434
421
418
448
471
429
417
435
451
437
441
382
385
390
366
334
280
320
271
280
266
287
268
269
273
280
212
185
177
172
160
139
142
129
144
107
139
122
122
125
150
230
417
920
1887
3811
7572
13407
18917
22880
28258
36038
41824
36648
22439
9200
2842
970
391
210
205
214
188
169
130
149
180
166
192
197
211
241
169
190
183
151
163
161
121
156
133
130
97
98
81
102
74
91
94
91
90
103
101
113
147
147
151
187
186
181
185
230
197
194
224
195
174
136
124
106
114
94
107
86
114
103
81
101
98
94
110
120
130
112
132
131
122
114
106
121
87
79
68
78
92
97
105
94
107
111
106
140
113
122
147
114
170
168
152
156
162
173
211
219
223
279
271
278
301
283
280
313
317
333
318
355
369
348
369
352
390
410
382
389
364
426
403
426
422
455
529
602
672
729
833
827
860
877
961
984
984
795
708
585
386
278
179
129
95
108
88
59
51
62
50
44
46
34
33
21
33
26
19
24
23
15
15
42
